SPORTS TEST
2017-11-15 23:42:19
No |   Views   |  Comments  |  Likes  | Dislikes | Subscribers |  Post Date  
1 | 17,671,315 | 13,275 | It's free! | 237K |  | Nov 1, 2017

2 | 716,756 | 702 | 5K | 706 | 135K | Oct 29, 2017

3 | 536,152 | 2,129 | 8K | 275 | 10K | Nov 3, 2017

4 | 557,816 | 425 | 3K | 73 | 676K | Oct 31, 2017

5 | 487,891 | 1,172 | 22K | 576 | 392K | Nov 2, 2017

6 | 307,899 | 76 | 318 | 149 | 3.4M | Oct 30, 2017

7 | 194,860 | 152 | 2K | 115 | 357K | Oct 30, 2017

8 | 170,662 | 690 | 1K | 72 | 436K | Nov 2, 2017

9 | 141,517 | 181 | 711 | 33 | 722K | Nov 2, 2017

10 | 129,299 | 343 | 1K | 29 | 412K | Oct 28, 2017

11 | 122,781 | 261 | 1K | 123 | 111K |  on Oct 29, 2017

12 | 136,707 | 124 | 362 | 44 |  | Nov 1, 2017

13 | 168,365 | 509 | 3K | 63 | 516K | Nov 2, 2017

14 | 101,939 | 572 | 1K | 157 | 46K | Nov 1, 2017

15 | 95,089 | 28 | 561 | 48 | 18K | Nov 3, 2017

16 |  No comments available  |
17 | 76,206 | 284 | 336 | 45 | 63K | Nov 1, 2017

18 | 91,355 | 151 | 1K | 24 | 63K | Nov 4, 2017

19 | 71,985 | 14 | 276 | 49 | 98K |  on Nov 3, 2017

20 | 76,027 | 227 | 1K | 84 | 83K | Nov 2, 2017

21 | 70,151 | 107 | 340 | 18 | 412K | Oct 29, 2017

22 | 68,375 | 229 | 478 | 58 | 462K |  on Nov 3, 2017

23 | 66,573 | 147 | 2K | 26 | 172K | Oct 31, 2017

24 | 67,971 | 391 | 712 | 43 | 106K | Nov 2, 2017

25 | 71,691 | 587 | 1K | 103 | 46K | Nov 3, 2017

26 | 66,076 | 202 | 438 | 68 | 462K |  on Nov 2, 2017

27 | 63,275 | 81 | 565 | 18 | 877K | Oct 31, 2017

28 | 49,660 | 191 | 1K | 91 | 111K |  on Nov 2, 2017

29 | 50,359 | 163 | 1K | 20 | 77K | Nov 2, 2017

30 | 41,744 | 32 | 563 | 25 | 111K | Oct 30, 2017

31 | 40,593 | 35 | 295 | 5 | 344K | Oct 29, 2017

32 | 143,908 | 713 | 3K | 58 | 549K | Oct 29, 2017

33 | 49,437 | 72 | 493 | 37 | 111K | Oct 31, 2017

34 | 41,116 | 16 | 173 | 1 | 41K | Oct 30, 2017

35 | 36,459 | 141 | 771 | 11 | 458K | Oct 30, 2017

36 | 35,816 | 0 | 150 | 19 | 15K |  on Oct 29, 2017

37 | 38,917 | 244 | 2K | 26 | 301K | Oct 30, 2017

38 | 34,303 | 0 | 178 | 27 | 15K |  on Oct 29, 2017

39 | 32,659 | 106 | 238 | 9 | 344K | Oct 30, 2017

40 | 32,170 | 214 | 866 | 39 | 111K |  on Nov 3, 2017

41 | 34,510 | 242 | 3K | 42 | 180K | Nov 3, 2017

42 | 28,997 | 54 | 1K | 47 | 197K |  on Oct 30, 2017

43 | 29,334 | 96 | 1K | 34 | 392K | Oct 30, 2017

44 | 31,682 | 4 | 193 | 16 | 31K | Oct 29, 2017

45 | 27,412 | 2 | 97 | 17 |  | Nov 1, 2017

46 |  No comments available  |
47 | 27,546 | 27 | 208 | 13 | 357K | Nov 2, 2017

48 | 25,700 | 40 | 689 | 12 | 231K | Oct 29, 2017

49 | 23,588 | 457 | 620 | 43 | 506K | Oct 31, 2017

50 | 30,241 | 20 | 449 | 6 | 343K | Oct 30, 2017

51 | 22,063 | 185 | 444 | 47 | 36K | Oct 31, 2017

