SPORTS TEST
2017-11-14 18:36:27
No |   Views   |  Comments  |  Likes  | Dislikes | Subscribers |  Post Date  
1 | 15,485,431 | 11,975 | 220K | 9K | 339K | Nov 1, 2017

2 | 716,019 | 702 | 5K | 706 | 135K | Oct 29, 2017

3 | 525,557 | 2,088 | 7K | 273 | 10K | Nov 3, 2017

4 | 552,140 | 419 | 3K | 72 | 676K | Oct 31, 2017

5 | 472,133 | 1,169 | Try Today | 22K |  | Nov 2, 2017

6 | 307,823 | 77 | 317 | 149 | 3.4M | Oct 30, 2017

7 |  No comments available  |
8 | 170,482 | 683 | 1K | 72 | 436K | Nov 2, 2017

9 | 141,456 | 181 | 711 | 33 | 721K | Nov 2, 2017

10 | 129,029 | 343 | 1K | 29 | 412K | Oct 28, 2017

11 | 122,728 | 261 | Try Today | 1K |  |  on Oct 29, 2017

12 | 136,256 | 124 | 360 | 44 |  | Nov 1, 2017

13 | 162,579 | 505 | 3K | 61 | 515K | Nov 2, 2017

14 | 101,795 | 572 | 1K | 157 | 46K | Nov 1, 2017

15 | 94,998 | 28 | 561 | 48 | 17K | Nov 3, 2017

16 |  No comments available  |
17 | 76,042 | 284 | 335 | 45 | 63K | Nov 1, 2017

18 | 91,068 | 151 | 1K | 24 | 63K | Nov 4, 2017

19 | 71,932 | 14 | 276 | 49 | 98K |  on Nov 3, 2017

20 | 75,818 | 227 | 1K | 84 | 82K | Nov 2, 2017

21 | 69,950 | 107 | 340 | 18 | 412K | Oct 29, 2017

22 | 68,209 | 228 | 478 | 58 | 462K |  on Nov 3, 2017

23 | 65,783 | 147 | 2K | 26 | 171K | Oct 31, 2017

24 | 67,304 |  No comments available  |709 | 43 | 105K | Nov 2, 2017

25 | 70,589 | 585 | 1K | 103 | 46K | Nov 3, 2017

26 | 65,989 | 202 | 438 | 68 | 462K |  on Nov 2, 2017

27 | 62,476 | 80 | 556 | 18 | 876K | Oct 31, 2017

28 | 49,602 | 191 | 1K | 91 | 110K |  on Nov 2, 2017

29 | 49,992 |  No comments available  |1K | 20 | 77K | Nov 2, 2017

30 | 41,707 | 32 | 564 | 25 | 110K | Oct 30, 2017

31 | 40,551 | 35 | 294 | 5 | 344K | Oct 29, 2017

32 | 124,500 | 667 | 3K | 50 | 549K | Oct 29, 2017

33 | 47,250 | 69 | 473 | 36 | 110K | Oct 31, 2017

34 | 41,112 | 16 | 173 | 1 | 41K | Oct 30, 2017

35 | 36,430 | 141 | 771 | 11 | 458K | Oct 30, 2017

36 | 35,801 | 0 | 150 | 19 | 15K |  on Oct 29, 2017

37 | 38,659 | 244 | 2K | 25 | 301K | Oct 30, 2017

38 | 34,293 | 0 | 177 | 27 | 15K |  on Oct 29, 2017

39 | 32,633 | 106 | 238 | 9 | 344K | Oct 30, 2017

40 | 32,079 | 213 | 867 | 39 | 110K |  on Nov 3, 2017

41 | 34,246 | 242 | 3K | 42 | 179K | Nov 3, 2017

42 | 28,865 | 54 | 1K | 47 | 196K |  on Oct 30, 2017

43 | 29,265 | 96 | 1K | 34 | 391K | Oct 30, 2017

44 | 31,583 | 4 | 193 | 16 | 29K | Oct 29, 2017

45 | 27,311 | 2 | 97 | 17 |  | Nov 1, 2017

46 |  No comments available  |
47 | 27,515 | 27 | 206 | 13 | 356K | Nov 2, 2017

48 | 25,617 | 40 | 689 | 12 | 231K | Oct 29, 2017

49 | 23,561 | 455 | 620 | 43 | 505K | Oct 31, 2017

50 | 29,717 | 20 | 448 | 6 | 342K | Oct 30, 2017

51 | 22,041 | 185 | 444 | 47 | 36K | Oct 31, 2017

