SPORTS TEST
2017-11-07 00:57:54
No |   Views   |  Comments  |  Likes  | Dislikes | Subscribers |  Post Date  
1 | 3,808,716 | 5,826 | 94K | 2K | 291K | Nov 1, 2017

2 | 703,705 | 692 | 5K | 703 | 133K | Oct 29, 2017

3 | 411,016 | 1,824 | 7K | 240 | 9.3K | Nov 3, 2017

4 | 321,485 | 383 | 2K | 60 | 672K | Oct 31, 2017

5 | 322,169 | 1,135 | 20K | 509 | 387K | Nov 2, 2017

6 | 303,150 | 71 | 281 | 142 | 3.3M | Oct 30, 2017

7 | 182,932 | 147 | 2K | 106 | 350K | Oct 30, 2017

8 | 167,402 | 692 | 1K | 72 | 435K | Nov 2, 2017

9 | 140,113 | 180 | 695 | 33 | 716K | Nov 2, 2017

10 | 127,547 | 345 | 1K | 29 | 410K | Oct 28, 2017

11 |  No comments available  |
12 | 121,339 | 117 | 305 | 40 |  | Nov 1, 2017

13 | 119,416 | 479 | 2K | 47 | 509K | Nov 2, 2017

14 | 100,483 | 570 | 1K | 155 | 45K | Nov 1, 2017

15 | 88,633 | 31 | 556 | 45 | 15K | Nov 3, 2017

16 |  No comments available  |
17 | 74,288 | 281 | 330 | 41 | 62K | Nov 1, 2017

18 | 83,324 | 143 | 1K | 23 | 57K | Nov 4, 2017

19 | 70,511 | 14 | Hide chat | 274 |  |  on Nov 3, 2017

20 | 71,846 | 220 | 1K | 80 | 80K | Nov 2, 2017

21 | 68,743 | 107 | 333 | 18 | 410K | Oct 29, 2017

22 | 62,664 | 225 | Hide chat | 472 |  |  on Nov 3, 2017

23 | 58,987 | 144 | 1K | 20 | 167K | Oct 31, 2017

24 | 57,035 | 382 | 652 | 37 | 104K | Nov 2, 2017

25 | 61,266 | 555 | 1K | 90 | 45K | Nov 3, 2017

26 | 59,661 | 199 | Hide chat | 423 |  |  on Nov 2, 2017

27 | 51,821 | 67 | 447 | 13 | 852K | Oct 31, 2017

28 | 47,617 | 190 | Hide chat | 1K |  |  on Nov 2, 2017

29 | 45,177 | 157 | 1K | 19 | 75K | Nov 2, 2017

30 | 41,091 | 32 | 564 | 25 | 98K | Oct 30, 2017

31 | 40,246 | 35 | 294 | 5 | 344K | Oct 29, 2017

32 | 43,165 | 434 | 1K | 17 | 546K | Oct 29, 2017

33 | 39,990 | 65 | 426 | 35 | 98K | Oct 31, 2017

34 | 40,891 | 17 | 164 | 1 | 41K | Oct 30, 2017

35 | 35,945 | 140 | 766 | 11 | 456K | Oct 30, 2017

36 | 35,364 | 0 | Hide chat | 150 |  |  on Oct 29, 2017

37 | 36,694 | 237 | 2K | 25 | 299K | Oct 30, 2017

38 | 34,099 | 0 | Hide chat | 177 |  |  on Oct 29, 2017

39 | 32,438 | 106 | 238 | 9 | 344K | Oct 30, 2017

40 | 31,210 | 211 | Hide chat | 866 |  |  on Nov 3, 2017

41 | 29,672 | 230 | 3K | 42 | 178K | Nov 3, 2017

42 | 27,789 | 54 | Hide chat | 990 |  |  on Oct 30, 2017

43 | 28,013 | 96 | 1K | 34 | 387K | Oct 30, 2017

44 | 28,955 | 4 | 181 | 15 | 25K | Oct 29, 2017

45 | 26,824 | 2 | 24 | 16 |  | Nov 1, 2017

46 |  No comments available  |
47 | 26,853 | 31 | 208 | 13 | 350K | Nov 2, 2017

48 | 24,707 | 40 | 680 | 12 | 230K | Oct 29, 2017

49 | 22,977 | 444 | 598 | 41 | 505K | Oct 31, 2017

50 | 24,136 | 18 | 435 | 4 | 333K | Oct 30, 2017

51 | 21,555 | 213 | 436 | 47 | 36K | Oct 31, 2017

