SPORTS TEST
2017-11-20 01:34:35
No |   Views   |  Comments  |  Likes  | Dislikes | Subscribers |  Post Date  
1 | 24,692,506 | 15,701 | 284K | 14K | 366K | Nov 1, 2017

2 | 720,697 | 703 | 5K | 706 | 136K | Oct 29, 2017

3 | 565,923 | 2,188 | 8K | 281 | 10K | Nov 3, 2017

4 |  No comments available  |
5 | 533,639 | 1,185 | 22K | 592 | 394K | Nov 2, 2017

6 | 308,053 | 76 | 320 | 149 | 3.4M | Oct 30, 2017

7 | 197,872 | 157 | 2K | 117 | 362K | Oct 30, 2017

8 | 171,119 | 690 | 1K | 72 | 437K | Nov 2, 2017

9 | 141,732 | 181 | 712 | 33 | 724K | Nov 2, 2017

10 | 130,295 | 345 | 1K | 30 | 413K | Oct 28, 2017

11 | 123,005 | 261 | 1K | 123 | 114K |  on Oct 29, 2017

12 | 137,955 | 124 | 365 | 44 |  | Nov 1, 2017

13 | 191,301 | 523 | 3K | 69 | 532K | Nov 2, 2017

14 | 102,314 | 559 | 1K | 159 | 47K | Nov 1, 2017

15 | 95,384 | 28 | 558 | 48 | 21K | Nov 3, 2017

16 |  No comments available  |
17 | 76,729 | 284 | 340 | 45 | 63K | Nov 1, 2017

18 | 92,161 | 151 | 1K | 24 | 65K | Nov 4, 2017

19 | 72,895 | 14 | 278 | 49 | 99K |  on Nov 3, 2017

20 | 76,543 | 227 | Try Today | 1K |  | Nov 2, 2017

21 | 71,044 | 107 | 345 | 18 | 413K | Oct 29, 2017

22 | 68,875 | 229 | 480 | 58 | 462K |  on Nov 3, 2017

23 | 68,418 | 147 | 2K | 26 | 173K | Oct 31, 2017

24 | 69,807 | 395 | 722 | 43 | 106K | Nov 2, 2017

25 | 74,821 | 589 | 1K | 106 | 47K | Nov 3, 2017

26 | 66,328 | 202 | 439 | 68 | 462K |  on Nov 2, 2017

27 | 64,861 | 82 | 573 | 18 | 880K | Oct 31, 2017

28 | 49,747 | 191 | 1K | 91 | 114K |  on Nov 2, 2017

29 | 51,451 | 165 | 1K | 20 | 78K | Nov 2, 2017

30 | 41,833 | 32 | 562 | 25 | 114K | Oct 30, 2017

31 | 40,713 | 35 | 295 | 5 | 345K | Oct 29, 2017

32 | 173,002 | 768 | It's free! | 4K |  | Oct 29, 2017

33 | 56,059 | 86 | 541 | 41 | 114K | Oct 31, 2017

34 | 41,131 | 16 | 173 | 1 | 41K | Oct 30, 2017

35 | 36,559 | 141 | 774 | 11 | 460K | Oct 30, 2017

36 | 35,895 | 0 | 150 | 20 | 15K |  on Oct 29, 2017

37 | 39,799 | 247 | 2K | 26 | 302K | Oct 30, 2017

38 | 34,326 | 0 | 178 | 27 | 15K |  on Oct 29, 2017

39 | 32,773 | 106 | 238 | 9 | 345K | Oct 30, 2017

40 | 32,321 | 215 | 863 | 39 | 114K |  on Nov 3, 2017

41 | 35,261 | 242 | 3K | 43 | 187K | Nov 3, 2017

42 | 29,378 | 53 | 1K | 47 | 201K |  on Oct 30, 2017

43 | 29,613 | 97 | 1K | 34 | 394K | Oct 30, 2017

44 | 31,928 | 4 | 195 | 16 | 34K | Oct 29, 2017

45 | 27,548 | 2 | 97 | 17 |  | Nov 1, 2017

46 |  No comments available  |
47 | 27,614 | 27 | Donate Now | 207 |  | Nov 2, 2017

48 |  No comments available  |
49 | 23,649 | 458 | 621 | 45 | 506K | Oct 31, 2017

50 | 31,625 | 20 | 451 | 7 | 346K | Oct 30, 2017

51 | 22,121 | 185 | 444 | 47 | 37K | Oct 31, 2017

