SPORTS TEST
2017-11-17 01:54:31
No |   Views   |  Comments  |  Likes  | Dislikes | Subscribers |  Post Date  
1 | 19,525,129 | 13,854 | 249K | 11K | 350K | Nov 1, 2017

2 | 717,756 | 702 | 5K | 706 | 135K | Oct 29, 2017

3 | 544,065 | 2,166 | 8K | 280 | 10K | Nov 3, 2017

4 | 561,516 | 427 | 3K | 73 | 677K | Oct 31, 2017

5 | 501,434 | 1,172 | 22K | 580 | 392K | Nov 2, 2017

6 | 307,958 | 76 | 318 | 149 | 3.4M | Oct 30, 2017

7 | 195,483 | 152 | It's free! | 2K |  | Oct 30, 2017

8 | 170,792 | 690 | 1K | 72 | 436K | Nov 2, 2017

9 | 141,550 | 181 | 711 | 33 | 723K | Nov 2, 2017

10 | 129,520 | 344 | 1K | 30 | 412K | Oct 28, 2017

11 |  No comments available  |
12 | 137,036 | 124 | 362 | 44 |  | Nov 1, 2017

13 | 173,288 | 509 | 3K | 65 | 516K | Nov 2, 2017

14 | 102,049 | 571 | 1K | 158 | 46K | Nov 1, 2017

15 | 95,225 | 28 | 561 | 48 | 19K | Nov 3, 2017

16 |  No comments available  |
17 | 76,385 | 284 | 338 | 45 | 63K | Nov 1, 2017

18 | 91,633 | 151 | 1K | 24 | 64K | Nov 4, 2017

19 |  No comments available  |
20 | 76,219 | 227 | 1K | 84 | 83K | Nov 2, 2017

21 | 70,407 | 107 | 340 | 18 | 412K | Oct 29, 2017

22 | 68,478 | 229 | 479 | 58 | 462K |  on Nov 3, 2017

23 | 66,923 | 147 | 2K | 26 | 172K | Oct 31, 2017

24 | 68,672 | 394 | 716 | 43 | 106K | Nov 2, 2017

25 | 72,579 | 587 | 1K | 104 | 46K | Nov 3, 2017

26 | 66,140 | 202 | 438 | 68 | 462K |  on Nov 2, 2017

27 | 63,823 | 81 | 571 | 18 | 878K | Oct 31, 2017

28 | 49,688 | 191 | 1K | 91 | 112K |  on Nov 2, 2017

29 | 50,605 | 163 | 1K | 20 | 77K | Nov 2, 2017

30 |  No comments available  |
31 | 40,634 | 35 | 295 | 5 | 344K | Oct 29, 2017

32 | 152,768 | 730 | 3K | 62 | 550K | Oct 29, 2017

33 | 50,864 | 75 | 504 | 38 | 112K | Oct 31, 2017

34 | 41,125 | 16 | 173 | 1 | 41K | Oct 30, 2017

35 | 36,481 | 141 | 771 | 11 | 459K | Oct 30, 2017

36 | 35,818 | 0 | 150 | 19 | 15K |  on Oct 29, 2017

37 | 39,266 | 245 | 2K | 26 | 302K | Oct 30, 2017

38 | 34,304 | 0 | 178 | 27 | 15K |  on Oct 29, 2017

39 | 32,680 | 106 | 238 | 9 | 344K | Oct 30, 2017

40 | 32,221 | 215 | 866 | 39 | 112K |  on Nov 3, 2017

41 | 34,691 | 242 | 3K | 42 | 180K | Nov 3, 2017

42 | 29,101 | 54 | 1K | 47 | 198K |  on Oct 30, 2017

43 | 29,430 | 96 | 1K | 34 | 392K | Oct 30, 2017

44 | 31,759 | 4 | 194 | 16 | 32K | Oct 29, 2017

45 | 27,449 | 2 | 97 | 17 |  | Nov 1, 2017

46 |  No comments available  |
47 | 27,578 | 27 | 208 | 13 | 358K | Nov 2, 2017

48 | 25,774 | 40 | 691 | 12 | 231K | Oct 29, 2017

49 | 23,611 | 458 | 621 | 45 | 506K | Oct 31, 2017

50 | 30,712 | 20 | 449 | 6 | 344K | Oct 30, 2017

51 | 22,083 | 185 | 444 | 47 | 37K | Oct 31, 2017

