SPORTS TEST
2017-11-19 13:31:29
No |   Views   |  Comments  |  Likes  | Dislikes | Subscribers |  Post Date  
1 | 23,572,317 | 15,229 | 278K | 13K | 363K | Nov 1, 2017

2 | 720,206 | 703 | 5K | 706 | 136K | Oct 29, 2017

3 | 561,495 | 2,174 | 8K | 281 | 10K | Nov 3, 2017

4 | 569,076 | 431 | 3K | 73 | 678K | Oct 31, 2017

5 | 528,721 | 1,182 | 22K | 592 | 394K | Nov 2, 2017

6 | 308,027 | 76 | 319 | 149 | 3.4M | Oct 30, 2017

7 | 197,454 | 156 | 2K | 117 | 361K | Oct 30, 2017

8 | 171,053 | 690 | 1K | 72 | 437K | Nov 2, 2017

9 | 141,691 | 181 | 711 | 33 | 724K | Nov 2, 2017

10 | 130,141 | 345 | 1K | 30 | 413K | Oct 28, 2017

11 | 122,971 | 261 | 1K | 123 | 114K |  on Oct 29, 2017

12 | 137,785 | 124 | 364 | 44 |  | Nov 1, 2017

13 | 187,863 | 518 | 3K | 69 | 528K | Nov 2, 2017

14 | 102,264 | 559 | 1K | 159 | 47K | Nov 1, 2017

15 | 95,370 | 28 | 558 | 48 | 21K | Nov 3, 2017

16 |  No comments available  |
17 | 76,689 | 284 | 339 | 45 | 63K | Nov 1, 2017

18 | 92,059 | 151 | 1K | 24 | 65K | Nov 4, 2017

19 | 72,142 | 14 | 276 | 49 | 98K |  on Nov 3, 2017

20 | 76,465 | 227 | 1K | 84 | 84K | Nov 2, 2017

21 | 70,918 | 107 | 343 | 18 | 413K | Oct 29, 2017

22 | 68,795 | 229 | 480 | 58 | 462K |  on Nov 3, 2017

23 | 67,992 | 147 | 2K | 26 | 173K | Oct 31, 2017

24 | 69,721 | 395 | 722 | 43 | 106K | Nov 2, 2017

25 | 74,328 | 589 | 1K | 106 | 47K | Nov 3, 2017

26 | 66,290 | 202 | 439 | 68 | 462K |  on Nov 2, 2017

27 | 64,595 | 82 | 573 | 18 | 880K | Oct 31, 2017

28 | 49,732 | 191 | 1K | 91 | 114K |  on Nov 2, 2017

29 | 51,225 | 164 | 1K | 20 | 78K | Nov 2, 2017

30 | 41,820 | 32 | 562 | 25 | 114K | Oct 30, 2017

31 | 40,698 | 35 | 295 | 5 | 344K | Oct 29, 2017

32 | 169,452 | 762 | 4K | 67 | 550K | Oct 29, 2017

33 | 54,902 | 86 | 534 | 40 | 114K | Oct 31, 2017

34 | 41,128 | 16 | 173 | 1 | 41K | Oct 30, 2017

35 | 36,550 | 141 | Download | 774 |  | Oct 30, 2017

36 | 35,850 | 0 | 150 | 19 | 15K |  on Oct 29, 2017

37 | 39,608 | 247 | 2K | 26 | 302K | Oct 30, 2017

38 | 34,317 | 0 | 178 | 27 | 15K |  on Oct 29, 2017

39 | 32,745 | 106 | 238 | 9 | 344K | Oct 30, 2017

40 |  No comments available  |
41 |  No comments available  |
42 | 29,337 | 53 | 1K | 47 | 201K |  on Oct 30, 2017

43 | 29,591 | 96 | 1K | 34 | 394K | Oct 30, 2017

44 | 31,906 | 4 | 195 | 16 | 33K | Oct 29, 2017

45 | 27,535 | 2 | 97 | 17 |  | Nov 1, 2017

46 |  No comments available  |
47 | 27,611 |  No comments available  |Download | 207 |  | Nov 2, 2017

48 | 26,127 | 40 | 694 | 12 | 231K | Oct 29, 2017

49 | 23,642 | 458 | 621 | 45 | 506K | Oct 31, 2017

50 | 31,494 | 20 | 451 | 7 | 346K | Oct 30, 2017

51 | 22,108 | 185 | 444 | 47 | 37K | Oct 31, 2017

