SPORTS TEST
2017-11-11 22:24:33
No |   Views   |  Comments  |  Likes  | Dislikes | Subscribers |  Post Date  
1 | 11,135,337 | 10,723 | 181K | 6K | 323K | Nov 1, 2017

2 | 713,765 | 702 | 5K | 706 | 134K | Oct 29, 2017

3 | 499,136 |  No comments available  |7K | 272 | 10K | Nov 3, 2017

4 | 479,302 | 400 | 2K | 67 | 674K | Oct 31, 2017

5 | 431,913 | 1,165 | 21K | 560 | 390K | Nov 2, 2017

6 | 306,759 | 77 | 304 | 147 | 3.4M | Oct 30, 2017

7 | 191,702 | 151 | 2K | 114 | 354K | Oct 30, 2017

8 | 169,928 | 691 | 1K | 72 | 436K | Nov 2, 2017

9 | 141,240 | 180 | 710 | 33 | 720K | Nov 2, 2017

10 | 128,535 | 343 | 1K | 29 | 411K | Oct 28, 2017

11 | 122,487 | 261 | 1K | 122 | 108K |  on Oct 29, 2017

12 | 134,533 | 123 | 354 | 43 |  | Nov 1, 2017

13 | 148,186 | 499 | 3K | 54 | 512K | Nov 2, 2017

14 | 101,506 | 577 | 1K | 156 | 46K | Nov 1, 2017

15 | 94,478 | 29 | 560 | 48 | 17K | Nov 3, 2017

16 |  No comments available  |
17 | 75,527 | 283 | 334 | 44 | 62K | Nov 1, 2017

18 | 90,267 | 148 | 1K | 24 | 61K | Nov 4, 2017

19 | 71,429 | 14 | 275 | 49 | 97K |  on Nov 3, 2017

20 | 75,199 | 225 | 1K | 83 | 81K | Nov 2, 2017

21 | 69,564 | 107 | 338 | 18 | 411K | Oct 29, 2017

22 | 67,600 | 228 | 479 | 58 | 462K |  on Nov 3, 2017

23 | 64,125 | 146 | 2K | 24 | 170K | Oct 31, 2017

24 | 65,062 | 387 | 700 | 42 | 105K | Nov 2, 2017

25 | 68,371 | 581 | 1K | 100 | 46K | Nov 3, 2017

26 | 66,116 | 202 | 437 | 67 | 462K |  on Nov 2, 2017

27 | 60,247 | 74 | 535 | 17 | 871K | Oct 31, 2017

28 | 49,351 | 191 | 1K | 89 | 108K |  on Nov 2, 2017

29 | 48,665 | 162 | 1K | 20 | 76K | Nov 2, 2017

30 | 41,553 | 32 | 563 | 25 | 108K | Oct 30, 2017

31 | 40,460 | 35 | 294 | 5 | 344K | Oct 29, 2017

32 | 94,003 | 595 | 2K | 41 | 548K | Oct 29, 2017

33 | 43,592 | 68 | 454 | 35 | 108K | Oct 31, 2017

34 | 41,038 | 16 | 173 | 1 | 41K | Oct 30, 2017

35 | 36,299 | 141 | 771 | 11 | 457K | Oct 30, 2017

36 | 35,528 | 0 | 150 | 19 | 14K |  on Oct 29, 2017

37 | 38,190 | 244 | 2K | 25 | 300K | Oct 30, 2017

38 | 34,184 | 0 | 177 | 27 | 14K |  on Oct 29, 2017

39 | 32,593 | 106 | 238 | 9 | 344K | Oct 30, 2017

40 | 31,833 | 211 | 864 | 39 | 108K |  on Nov 3, 2017

41 | 33,430 | 240 | 3K | 42 | 179K | Nov 3, 2017

42 | 28,481 | 54 | 998 | 47 | 194K |  on Oct 30, 2017

43 | 28,952 | 98 | 1K | 34 | 390K | Oct 30, 2017

44 | 31,234 | 4 | 192 | 16 | 28K | Oct 29, 2017

45 | 27,142 | 2 | 97 | 17 |  | Nov 1, 2017

46 |  No comments available  |
47 | 27,440 | 27 | 207 | 13 | 354K | Nov 2, 2017

48 | 25,354 | 40 | 686 | 12 | 230K | Oct 29, 2017

49 |  No comments available  |
50 | 28,281 | 20 | 444 | 5 | 339K | Oct 30, 2017

51 | 22,004 | 185 | 442 | 47 | 36K | Oct 31, 2017

