SPORTS TEST
2017-11-18 14:28:48
No |   Views   |  Comments  |  Likes  | Dislikes | Subscribers |  Post Date  
1 | 21,840,793 | 14,615 | 267K | 13K | 358K | Nov 1, 2017

2 | 719,223 | 702 | 5K | 706 | 135K | Oct 29, 2017

3 | 554,023 | 2,167 | 8K | 281 | 10K | Nov 3, 2017

4 | 566,294 | 430 | 3K | 73 | 677K | Oct 31, 2017

5 | 518,600 | 1,180 | 22K | 588 | 393K | Nov 2, 2017

6 | 307,997 | 76 | Try Today | 318 |  | Oct 30, 2017

7 | 196,752 | 154 | 2K | 116 | 360K | Oct 30, 2017

8 | 170,939 | 690 | 1K | 72 | 436K | Nov 2, 2017

9 | 141,636 | 181 | 711 | 33 | 724K | Nov 2, 2017

10 | 129,815 | 345 | 1K | 30 | 413K | Oct 28, 2017

11 | 122,910 | 261 | 1K | 123 | 113K |  on Oct 29, 2017

12 | 137,499 | 124 | 364 | 44 |  | Nov 1, 2017

13 | 180,071 | 515 | 3K | 65 | 522K | Nov 2, 2017

14 | 102,172 | 559 | 1K | 159 | 47K | Nov 1, 2017

15 | 95,327 | 28 | 558 | 48 | 20K | Nov 3, 2017

16 |  No comments available  |
17 | 76,600 | 284 | 338 | 45 | 63K | Nov 1, 2017

18 | 91,889 | 151 | 1K | 24 | 65K | Nov 4, 2017

19 | 72,084 | 14 | 276 | 49 | 98K |  on Nov 3, 2017

20 | 76,365 | 227 | 1K | 84 | 83K | Nov 2, 2017

21 | 70,679 | 107 | 341 | 18 | 413K | Oct 29, 2017

22 | 68,667 | 229 | 480 | 58 | 462K |  on Nov 3, 2017

23 | 67,530 | 147 | 2K | 26 | 172K | Oct 31, 2017

24 | 69,545 | 395 | 720 | 43 | 106K | Nov 2, 2017

25 | 73,570 | 589 | 1K | 106 | 47K | Nov 3, 2017

26 | 66,223 | 202 | 439 | 68 | 462K |  on Nov 2, 2017

27 | 64,268 | 82 | 573 | 18 | 879K | Oct 31, 2017

28 | 49,716 | 191 | 1K | 91 | 113K |  on Nov 2, 2017

29 |  No comments available  |
30 | 41,807 | 32 | 563 | 25 | 113K | Oct 30, 2017

31 | 40,679 | 35 | 295 | 5 | 344K | Oct 29, 2017

32 | 166,096 | 757 | 4K | 67 | 550K | Oct 29, 2017

33 | 53,092 | 84 | 524 | 39 | 113K | Oct 31, 2017

34 | 41,126 | 16 | 173 | 1 | 41K | Oct 30, 2017

35 | 36,524 | 141 | 773 | 11 | 459K | Oct 30, 2017

36 | 35,831 | 0 | 150 | 19 | 15K |  on Oct 29, 2017

37 | 39,485 | 246 | 2K | 26 | 302K | Oct 30, 2017

38 | 34,309 | 0 | 178 | 27 | 15K |  on Oct 29, 2017

39 | 32,722 | 106 | 238 | 9 | 344K | Oct 30, 2017

40 | 32,269 | 215 | 865 | 39 | 113K |  on Nov 3, 2017

41 | 34,938 | 242 | 3K | 43 | 182K | Nov 3, 2017

42 |  No comments available  |
43 |  No comments available  |
44 | 31,853 | 4 | 194 | 16 | 33K | Oct 29, 2017

45 |  No comments available  |
46 |  No comments available  |
47 | 27,602 | 27 | 207 | 13 | 360K | Nov 2, 2017

48 | 25,965 | 40 | 692 | 12 | 231K | Oct 29, 2017

49 | 23,634 | 458 | 621 | 45 | 506K | Oct 31, 2017

50 | 31,183 | 20 | 451 | 7 | 345K | Oct 30, 2017

51 | 22,095 | 185 | 444 | 47 | 37K | Oct 31, 2017

