SPORTS TEST
2017-11-14 01:21:11
No |   Views   |  Comments  |  Likes  | Dislikes | Subscribers |  Post Date  
1 | 14,499,225 | 11,576 | 211K | 8K | 335K | Nov 1, 2017

2 | 715,660 | 702 | 5K | 706 | 135K | Oct 29, 2017

3 | 521,150 | 2,065 | 7K | 273 | 10K | Nov 3, 2017

4 | 540,686 | 417 | 2K | 70 | 675K | Oct 31, 2017

5 | 461,563 | 1,171 | 22K | 573 | 391K | Nov 2, 2017

6 | 307,679 | 77 | 315 | 148 | 3.4M | Oct 30, 2017

7 | 193,754 | 151 | 2K | 115 | 355K | Oct 30, 2017

8 | 170,390 | 683 | 1K | 72 | 436K | Nov 2, 2017

9 | 141,409 | 181 | 711 | 33 | 721K | Nov 2, 2017

10 | 128,926 | 343 | 1K | 29 | 412K | Oct 28, 2017

11 | 122,662 | 261 | 1K | 122 | 109K |  on Oct 29, 2017

12 | 136,013 | 124 | 359 | 43 |  | Nov 1, 2017

13 | 159,889 | 505 | 3K | 60 | 514K | Nov 2, 2017

14 | 101,731 | 574 | 1K | 156 | 46K | Nov 1, 2017

15 | 94,892 | 29 | 561 | 48 | 17K | Nov 3, 2017

16 |  No comments available  |
17 | 75,945 | 284 | 335 | 45 | 62K | Nov 1, 2017

18 | 90,963 | 151 | 1K | 24 | 62K | Nov 4, 2017

19 | 71,912 | 14 | 276 | 49 | 98K |  on Nov 3, 2017

20 | 75,726 | 227 | 1K | 84 | 82K | Nov 2, 2017

21 | 69,858 | 107 | 340 | 18 | 412K | Oct 29, 2017

22 | 68,105 | 228 | 478 | 58 | 462K |  on Nov 3, 2017

23 | 65,376 |  No comments available  |2K | 24 | 171K | Oct 31, 2017

24 | 66,802 |  No comments available  |707 | 43 | 105K | Nov 2, 2017

25 | 69,986 | 585 | 1K | 101 | 46K | Nov 3, 2017

26 | 65,947 | 202 | 438 | 68 | 462K |  on Nov 2, 2017

27 | 62,218 | 77 | 553 | 18 | 875K | Oct 31, 2017

28 | 49,559 | 191 | 1K | 90 | 109K |  on Nov 2, 2017

29 | 49,727 | 163 | 1K | 20 | 77K | Nov 2, 2017

30 | 41,675 | 32 | It's free! | 563 |  | Oct 30, 2017

31 | 40,537 | 35 | 294 | 5 | 344K | Oct 29, 2017

32 | 121,890 | 649 | 3K | 49 | 549K | Oct 29, 2017

33 | 45,916 | 69 | 467 | 36 | 109K | Oct 31, 2017

34 | 41,110 | 16 | 173 | 1 | 41K | Oct 30, 2017

35 | 36,399 | 141 | 771 | 11 | 458K | Oct 30, 2017

36 | 35,798 | 0 | 150 | 19 | 15K |  on Oct 29, 2017

37 | 38,588 | 244 | 2K | 25 | 301K | Oct 30, 2017

38 | 34,291 | 0 | 177 | 27 | 15K |  on Oct 29, 2017

39 | 32,629 | 106 | 238 | 9 | 344K | Oct 30, 2017

40 | 31,997 | 212 | 866 | 39 | 109K |  on Nov 3, 2017

41 | 34,124 | 242 | 3K | 42 | 179K | Nov 3, 2017

42 | 28,739 | 54 | 1K | 47 | 195K |  on Oct 30, 2017

43 | 29,220 | 98 | 1K | 34 | 391K | Oct 30, 2017

44 | 31,509 | 4 | 193 | 16 | 29K | Oct 29, 2017

45 | 27,247 | 2 | 97 | 17 |  | Nov 1, 2017

46 |  No comments available  |
47 | 27,500 | 27 | 207 | 13 | 355K | Nov 2, 2017

48 | 25,542 | 40 | 689 | 12 | 231K | Oct 29, 2017

49 | 23,549 | 455 | 619 | 43 | 505K | Oct 31, 2017

50 | 29,409 | 20 | 448 | 6 | 341K | Oct 30, 2017

51 | 22,035 | 185 | 444 | 47 | 36K | Oct 31, 2017

