SPORTS TEST
2017-11-12 13:29:33
No |   Views   |  Comments  |  Likes  | Dislikes | Subscribers |  Post Date  
1 | 11,808,281 | 10,452 | 189K | 7K | 326K | Nov 1, 2017

2 | 714,270 | 702 | 5K | 706 | 134K | Oct 29, 2017

3 | 505,164 | 2,038 | 7K | 272 | 10K | Nov 3, 2017

4 | 498,022 | 408 | 2K | 68 | 675K | Oct 31, 2017

5 | 439,052 | 1,170 | 21K | 568 | 390K | Nov 2, 2017

6 | 306,959 | 77 | 306 | 147 | 3.4M | Oct 30, 2017

7 | 192,201 | 151 | 2K | 115 | 354K | Oct 30, 2017

8 | 170,051 | 691 | 1K | 72 | 436K | Nov 2, 2017

9 | 141,292 | 181 | 711 | 33 | 720K | Nov 2, 2017

10 | 128,644 | 343 | 1K | 29 | 411K | Oct 28, 2017

11 | 122,522 | 261 | 1K | 122 | 108K |  on Oct 29, 2017

12 | 134,974 | 123 | 355 | 43 |  | Nov 1, 2017

13 | 150,880 | 501 | 3K | 56 | 513K | Nov 2, 2017

14 | 101,543 | 577 | 1K | 156 | 46K | Nov 1, 2017

15 | 94,627 | 29 | 560 | 48 | 17K | Nov 3, 2017

16 |  No comments available  |
17 | 75,640 | 284 | 334 | 45 | 62K | Nov 1, 2017

18 | 90,457 | 150 | 1K | 24 | 61K | Nov 4, 2017

19 | 71,464 | 14 | 275 | 49 | 97K |  on Nov 3, 2017

20 | 75,416 | 226 | 1K | 84 | 81K | Nov 2, 2017

21 | 69,630 | 107 | 338 | 18 | 411K | Oct 29, 2017

22 | 67,753 | 228 | 479 | 58 | 462K |  on Nov 3, 2017

23 | 64,389 | 146 | 2K | 24 | 170K | Oct 31, 2017

24 | 65,506 | 388 | 703 | 42 | 105K | Nov 2, 2017

25 | 68,732 | 582 | 1K | 100 | 46K | Nov 3, 2017

26 | 65,811 | 202 | 438 | 67 | 462K |  on Nov 2, 2017

27 | 60,624 | 76 | 543 | 17 | 873K | Oct 31, 2017

28 | 49,412 | 191 | 1K | 89 | 108K |  on Nov 2, 2017

29 | 48,894 | 163 | 1K | 20 | 76K | Nov 2, 2017

30 | 41,608 | 32 | 563 | 25 | 108K | Oct 30, 2017

31 | 40,477 | 35 | 294 | 5 | 344K | Oct 29, 2017

32 | 101,889 | 619 | 2K | 44 | 548K | Oct 29, 2017

33 | 44,244 | 68 | 458 | 35 | 108K | Oct 31, 2017

34 | 41,093 | 16 | 173 | 1 | 41K | Oct 30, 2017

35 | 36,337 | 141 | 771 | 11 | 458K | Oct 30, 2017

36 | 35,538 | 0 | 150 | 19 | 14K |  on Oct 29, 2017

37 | 38,288 | 244 | 2K | 25 | 301K | Oct 30, 2017

38 | 34,192 | 0 | 177 | 27 | 14K |  on Oct 29, 2017

39 | 32,604 | 106 | 238 | 9 | 344K | Oct 30, 2017

40 | 31,861 | 212 | 867 | 39 | 108K |  on Nov 3, 2017

41 | 33,596 | 240 | 3K | 42 | 179K | Nov 3, 2017

42 | 28,553 | 54 | 997 | 47 | 195K |  on Oct 30, 2017

43 | 29,018 | 98 | 1K | 34 | 390K | Oct 30, 2017

44 | 31,363 | 4 | 193 | 16 | 28K | Oct 29, 2017

45 | 27,167 | 2 | 97 | 17 |  | Nov 1, 2017

46 |  No comments available  |
47 | 27,458 | 27 | It's free! | 207 |  | Nov 2, 2017

48 |  No comments available  |
49 | 23,502 | 455 | 617 | 43 | 505K | Oct 31, 2017

50 | 28,577 | 20 | 445 | 6 | 340K | Oct 30, 2017

51 | 22,010 | 185 | 443 | 47 | 36K | Oct 31, 2017

