SPORTS TEST
2017-11-13 02:22:21
No |   Views   |  Comments  |  Likes  | Dislikes | Subscribers |  Post Date  
1 | 12,948,415 | 10,872 | 198K | 7K | 329K | Nov 1, 2017

2 | 714,979 | 702 | 5K | 706 | 135K | Oct 29, 2017

3 | 512,533 | 2,042 | 7K | 272 | 10K | Nov 3, 2017

4 | 524,884 | 413 | 2K | 69 | 675K | Oct 31, 2017

5 | 448,967 | 1,170 | 22K | 571 | 390K | Nov 2, 2017

6 | 307,276 | 77 | 309 | 148 | 3.4M | Oct 30, 2017

7 | 192,946 | 151 | 2K | 115 | 355K | Oct 30, 2017

8 | 170,208 | 691 | 1K | 72 | 436K | Nov 2, 2017

9 | 141,346 | 181 | 711 | 33 | 721K | Nov 2, 2017

10 | 128,797 | 343 | 1K | 29 | 411K | Oct 28, 2017

11 | 122,599 | 261 | 1K | 122 | 108K |  on Oct 29, 2017

12 | 135,518 | 123 | 356 | 43 |  | Nov 1, 2017

13 | 154,751 | 502 | 3K | 57 | 513K | Nov 2, 2017

14 | 101,626 | 577 | 1K | 156 | 46K | Nov 1, 2017

15 | 94,751 | 29 | 560 | 48 | 17K | Nov 3, 2017

16 |  No comments available  |
17 | 75,780 | 284 | 334 | 45 | 62K | Nov 1, 2017

18 |  No comments available  |
19 | 71,857 | 14 | 275 | 49 | 97K |  on Nov 3, 2017

20 | 75,583 | 227 | 1K | 84 | 82K | Nov 2, 2017

21 | 69,735 | 107 | 338 | 18 | 411K | Oct 29, 2017

22 | 67,930 | 228 | 478 | 58 | 462K |  on Nov 3, 2017

23 |  No comments available  |
24 | 66,149 | 389 | 705 | 43 | 105K | Nov 2, 2017

25 | 69,256 | 585 | 1K | 100 | 46K | Nov 3, 2017

26 |  No comments available  |
27 | 61,532 | 76 | 547 | 17 | 874K | Oct 31, 2017

28 | 49,491 | 191 | 1K | 89 | 108K |  on Nov 2, 2017

29 | 49,252 | 163 | 1K | 20 | 76K | Nov 2, 2017

30 | 41,638 | 32 | 564 | 25 | 108K | Oct 30, 2017

31 | 40,512 | 35 | 294 | 5 | 344K | Oct 29, 2017

32 | 113,557 | 641 | 3K | 48 | 548K | Oct 29, 2017

33 | 44,997 | 68 | 462 | 35 | 108K | Oct 31, 2017

34 | 41,101 | 16 | 173 | 1 | 41K | Oct 30, 2017

35 | 36,353 | 141 | 771 | 11 | 458K | Oct 30, 2017

36 | 35,770 | 0 | 150 | 19 | 15K |  on Oct 29, 2017

37 | 38,443 | 245 | 2K | 25 | 301K | Oct 30, 2017

38 | 34,284 | 0 | 177 | 27 | 15K |  on Oct 29, 2017

39 | 32,614 | 106 | 238 | 9 | 344K | Oct 30, 2017

40 | 31,933 | 212 | 868 | 39 | 108K |  on Nov 3, 2017

41 | 33,843 | 241 | 3K | 42 | 179K | Nov 3, 2017

42 | 28,607 | 54 | 997 | 47 | 195K |  on Oct 30, 2017

43 | 29,151 | 98 | 1K | 34 | 390K | Oct 30, 2017

44 | 31,412 | 4 | 193 | 16 | 28K | Oct 29, 2017

45 | 27,203 | 2 | 97 | 17 |  | Nov 1, 2017

46 |  No comments available  |
47 | 27,473 | 27 | 207 | 13 | 355K | Nov 2, 2017

48 | 25,464 | 40 | 688 | 12 | 231K | Oct 29, 2017

49 | 23,523 | 455 | 617 | 43 | 505K | Oct 31, 2017

50 | 28,947 | 20 | 446 | 6 | 340K | Oct 30, 2017

51 | 22,018 | 185 | 443 | 47 | 36K | Oct 31, 2017

