ENTERTAINMENT TEST
2017-11-10 02:53:08
No |   Views   |  Comments  |  Likes  | Dislikes | Subscribers |  Post Date  
1 | 4,458,754 | 1,948 | 48K | 2K | 139K | Oct 29, 2017

2 | 1,823,789 | 3,977 | 6K | 840 | 817K | Oct 31, 2017

3 | 1,346,853 | 5,407 | 36K | 881 | 3.1M | Oct 29, 2017

4 | 881,682 | 575 | 5K | 480 | 734K | Oct 29, 2017

5 | 679,143 | 512 | Hide chat | 9K |  |  on Nov 3, 2017

6 | 721,525 | 114 | 3K | 122 | 6.9M | Oct 30, 2017

7 | 706,541 | 1,315 | 18K | 388 | 755K | Nov 1, 2017

8 |  No comments available  |
9 | 637,611 | 1,764 | 26K | 348 | 166K | Nov 1, 2017

10 | 539,506 | 33 | 913 | 142 | 420K | Oct 30, 2017

11 | 729,476 | 2,114 | 22K | 576 | 120K | Oct 31, 2017

12 | 519,608 | 2,156 | 10K | 313 | 1.3M | Nov 1, 2017

13 | 465,471 | 108 | 1K | 120 | 734K | Oct 29, 2017

14 | 418,471 | 982 | 3K | 240 | 1.5K | Oct 31, 2017

15 | 682,293 | 471 | 3K | 253 | 723K | Nov 4, 2017

16 | 635,617 | 39 | 1K | 316 |  | Nov 2, 2017

17 | 292,751 | 205 | 838 | 43 | 6.9M | Oct 30, 2017

18 | 318,669 | 416 | 10K | 132 | 166K | Nov 3, 2017

19 | 322,782 | 196 | 2K | 97 | 734K | Nov 2, 2017

20 | 410,436 | 179 | 2K | 90 | 734K | Nov 3, 2017

21 | 279,714 | 535 | 8K | 48 | 432K | Nov 1, 2017

22 | 482,520 | 640 | 4K | 294 | 1.4M | Nov 1, 2017

23 | 214,635 | 892 | 13K | 44 | 1.3M | Nov 1, 2017

24 | 475,155 | 27 | 451 | 223 | 65K | Oct 31, 2017

25 | 222,518 | 72 | 1K | 23 | 6.9M | Nov 3, 2017

26 | 250,072 | 192 | 6K | 85 | 166K | Nov 4, 2017

27 | 172,348 | 16 | 672 | 22 | 6.9M | Oct 30, 2017

28 | 201,468 | 45 | 652 | 30 | 6.9M | Nov 2, 2017

29 | 186,214 | 64 | 822 | 19 | 6.9M | Oct 31, 2017

30 | 181,052 | 21 | 628 | 58 | 6.9M | Oct 29, 2017

31 | 139,904 | 579 | 1K | 266 | 413K | Oct 31, 2017

32 | 127,286 | 105 | 779 | 246 | 144K | Oct 28, 2017

33 | 290,406 | 28 | 811 | 209 |  | Oct 28, 2017

34 | 155,275 | 60 | 686 | 29 | 6.9M | Nov 3, 2017

35 | 524,314 | 193 | 3K | 318 |  | Oct 31, 2017

36 | 225,554 | 2,530 | 7K | 426 | 23K | Nov 3, 2017

37 | 140,981 | 109 | 838 | 36 | 173K | Nov 2, 2017

38 | 197,487 | 22 | Try Today | 431 |  | Oct 29, 2017

39 | 175,717 | 374 | 8K | 48 | 1.1M | Nov 4, 2017

40 | 166,212 | 89 | 679 | 41 | 6.9M | Nov 3, 2017

41 | 105,125 | 133 | 654 | 10 |  | Oct 28, 2017

42 | 105,234 | 295 | 4K | 16 | 3.1M | Nov 3, 2017

43 | 102,671 | 187 | 2K | 26 | 4.6M | Oct 30, 2017

44 | 107,055 | 282 | 3K | 48 | 4.5M | Nov 3, 2017

45 | 86,673 | 328 | 2K | 243 | 3M | Nov 1, 2017

46 | 81,740 | 313 | 4K | 39 | 158K | Nov 3, 2017

47 | 79,034 | 211 | 2K | 67 | 136K | Oct 31, 2017

48 | 85,488 | 83 | 566 | 34 | 6.9M | Oct 28, 2017

49 | 85,853 | 17 | 1K | 14 | 36K | Oct 30, 2017

50 | 65,021 | 18 | 282 | 6 | 6.9M | Oct 31, 2017

51 |  No comments available  |
