ENTERTAINMENT TEST
2017-11-11 22:43:50
No |   Views   |  Comments  |  Likes  | Dislikes | Subscribers |  Post Date  
1 | 5,111,441 | 2,085 | 50K | 2K | 140K | Oct 29, 2017

2 | 1,848,196 | 4,007 | 6K | 852 | 819K | Oct 31, 2017

3 | 1,529,083 | 5,670 | 39K | 961 | 3.1M | Oct 29, 2017

4 | 909,416 | 583 | 5K | 488 | 736K | Oct 29, 2017

5 | 686,993 | 520 | 9K | 653 | 317K |  on Nov 3, 2017

6 | 755,329 | 115 | 3K | 131 | 7M | Oct 30, 2017

7 |  No comments available  |
8 | 968,867 | 131 | Like | Dislike | 5.5M | Oct 31, 2017

9 | 664,111 | 1,780 | 26K | 361 | 170K | Nov 1, 2017

10 | 566,184 | 35 | 941 | 148 | 421K | Oct 30, 2017

11 | 867,322 | 2,201 | 24K | 644 | 121K | Oct 31, 2017

12 | 570,722 | 2,195 | 10K | 316 | 1.3M | Nov 1, 2017

13 | 482,390 | 108 | 1K | 121 | 736K | Oct 29, 2017

14 | 429,979 | 1,008 | 3K | 243 | 1.6K | Oct 31, 2017

15 |  No comments available  |
16 | 705,951 | 43 | 1K | 355 |  | Nov 2, 2017

17 | 295,419 | 204 | 843 | 43 | 7M | Oct 30, 2017

18 | 331,132 | 419 | 11K | 133 | 170K | Nov 3, 2017

19 | 330,350 | 197 | 2K | 101 | 736K | Nov 2, 2017

20 | 428,632 | 179 | 2K | 93 | 736K | Nov 3, 2017

21 | 290,076 | 555 | 8K | 48 | 433K | Nov 1, 2017

22 | 515,973 | 651 | 4K | 306 | 1.4M | Nov 1, 2017

23 | 215,783 | 892 | 13K | 44 | 1.3M | Nov 1, 2017

24 | 544,088 | 27 | 501 | 249 | 66K | Oct 31, 2017

25 | 227,848 | 73 | 1K | 23 | 7M | Nov 3, 2017

26 | 276,115 | 193 | 7K | 94 | 170K | Nov 4, 2017

27 | 173,407 | 16 | 673 | 22 | 7M | Oct 30, 2017

28 | 203,037 | 46 | 656 | 30 | 7M | Nov 2, 2017

29 | 197,441 | 66 | 861 | 19 | 7M | Oct 31, 2017

30 | 187,055 | 21 | 641 | 60 | 7M | Oct 29, 2017

31 | 141,118 | 583 | 1K | 269 | 414K | Oct 31, 2017

32 | 127,364 | 105 | 780 | 246 | 146K | Oct 28, 2017

33 | 305,246 | 28 | 873 | 222 |  | Oct 28, 2017

34 | 161,791 | 59 | It's free! | 700 |  | Nov 3, 2017

35 | 705,722 | 215 | 3K | 412 |  | Oct 31, 2017

36 | 264,711 | 2,669 | 8K | 461 | 23K | Nov 3, 2017

37 | 147,435 | 110 | 862 | 37 | 176K | Nov 2, 2017

38 | 229,073 | 23 | 493 | 75 | 7M | Oct 29, 2017

39 | 189,361 | 384 | 8K | 50 | 1.1M | Nov 4, 2017

40 | 171,408 | 89 | 685 | 44 | 7M | Nov 3, 2017

41 | 105,182 | 133 | 659 | 10 |  | Oct 28, 2017

42 | 109,429 | 297 | 4K | 16 | 3.1M | Nov 3, 2017

43 | 104,137 | 189 | 2K | 26 | 4.7M | Oct 30, 2017

44 | 110,570 | 287 | 3K | 49 | 4.5M | Nov 3, 2017

45 | 88,391 | 333 | 2K | 244 | 3M | Nov 1, 2017

46 | 82,005 | 313 | 4K | 39 | 158K | Nov 3, 2017

47 | 79,884 | 211 | 2K | 68 | 137K | Oct 31, 2017

48 | 88,591 | 85 | 578 | 36 | 7M | Oct 28, 2017

49 | 95,417 | 17 | 1K | 15 | 36K | Oct 30, 2017

50 | 65,260 | 16 | 282 | 6 | 7M | Oct 31, 2017

51 | 62,761 | 42 | 144 | 10 | 29K | Oct 30, 2017

