ENTERTAINMENT TEST
2017-11-13 02:41:38
No |   Views   |  Comments  |  Likes  | Dislikes | Subscribers |  Post Date  
1 | 5,457,186 | 2,153 | 51K | 2K | 141K | Oct 29, 2017

2 | 1,860,891 | 4,026 | 6K | 860 | 820K | Oct 31, 2017

3 | 1,655,087 | 5,845 | 40K | 1K | 3.1M | Oct 29, 2017

4 | 925,154 | 586 | 5K | 495 | 737K | Oct 29, 2017

5 | 689,300 | 523 | 9K | 654 | 317K |  on Nov 3, 2017

6 | 771,671 | 116 | 3K | 132 | 7M | Oct 30, 2017

7 | 1,024,636 | 1,601 | 22K | 531 | 764K | Nov 1, 2017

8 | 1,006,968 | 133 | Like | Dislike | 5.6M | Oct 31, 2017

9 | 678,033 | 1,792 | 27K | 361 | 171K | Nov 1, 2017

10 | 576,330 | 36 | 952 | 153 | 422K | Oct 30, 2017

11 | 929,470 | 2,255 | It's free! | 24K |  | Oct 31, 2017

12 | 588,498 | 2,213 | 11K | 318 | 1.3M | Nov 1, 2017

13 | 490,437 | 108 | 1K | 123 | 737K | Oct 29, 2017

14 | 435,176 | 1,016 | 3K | 244 | 1.6K | Oct 31, 2017

15 | 770,071 | 482 | 4K | 279 | 729K | Nov 4, 2017

16 | 727,381 | 44 | 1K | 364 |  | Nov 2, 2017

17 | 296,710 | 204 | 844 | 43 | 7M | Oct 30, 2017

18 |  No comments available  |
19 | 333,778 | 198 | 2K | 101 | 737K | Nov 2, 2017

20 | 434,137 | 180 | 2K | 93 | 737K | Nov 3, 2017

21 |  No comments available  |
22 | 528,541 | 663 | 4K | 310 | 1.4M | Nov 1, 2017

23 | 216,885 | 894 | 13K | 45 | 1.3M | Nov 1, 2017

24 | 572,751 | 30 | 524 | 264 | 67K | Oct 31, 2017

25 | 229,884 | 73 | 1K | 23 | 7M | Nov 3, 2017

26 |  No comments available  |
27 | 173,925 | 16 | 673 | 22 | 7M | Oct 30, 2017

28 |  No comments available  |
29 | 203,097 | 66 | 880 | 19 | 7M | Oct 31, 2017

30 | 188,951 | 21 | 646 | 60 | 7M | Oct 29, 2017

31 | 141,745 | 585 | 1K | 270 | 415K | Oct 31, 2017

32 | 127,418 | 105 | 780 | 246 | 147K | Oct 28, 2017

33 | 306,375 | 28 | 877 | 223 |  | Oct 28, 2017

34 | 163,654 | 59 | 703 | 29 | 7M | Nov 3, 2017

35 | 805,317 | 228 | 4K | 461 |  | Oct 31, 2017

36 | 287,838 | 2,727 | 8K | 476 | 23K | Nov 3, 2017

37 | 151,498 | 113 | 876 | 38 | 177K | Nov 2, 2017

38 | 245,927 | 24 | 528 | 83 | 7M | Oct 29, 2017

39 | 194,552 | 386 | 8K | 50 | 1.1M | Nov 4, 2017

40 | 173,966 | 89 | 686 | 46 | 7M | Nov 3, 2017

41 | 105,226 | 133 | 660 | 10 |  | Oct 28, 2017

42 | 111,916 | 298 | 4K | 16 | 3.1M | Nov 3, 2017

43 | 105,121 | 189 | 2K | 26 | 4.7M | Oct 30, 2017

44 | 112,523 | 288 | 3K | 49 | 4.5M | Nov 3, 2017

45 | 89,387 | 333 | 2K | 244 | 3M | Nov 1, 2017

46 | 82,149 | 313 | 4K | 39 | 158K | Nov 3, 2017

47 | 80,230 | 211 | 2K | 68 | 138K | Oct 31, 2017

48 | 90,162 | 85 | 590 | 36 | 7M | Oct 28, 2017

49 | 101,443 | 21 | 1K | 15 | 37K | Oct 30, 2017

50 | 65,370 | 16 | 283 | 6 | 7M | Oct 31, 2017

51 | 62,861 | 42 | 144 | 10 | 29K | Oct 30, 2017

