ENTERTAINMENT TEST
2017-11-14 01:41:01
No |   Views   |  Comments  |  Likes  | Dislikes | Subscribers |  Post Date  
1 | 5,741,108 | 2,191 | 52K | 2K | 141K | Oct 29, 2017

2 | 1,869,447 | 4,031 | 6K | 867 | 821K | Oct 31, 2017

3 |  No comments available  |
4 | 937,332 | 590 | 5K | 496 | 738K | Oct 29, 2017

5 | 690,910 | 522 | 9K | 654 | 317K |  on Nov 3, 2017

6 | 783,277 | 117 | 3K | 132 | 7M | Oct 30, 2017

7 | 1,075,618 | 1,662 | 23K | 566 | 767K | Nov 1, 2017

8 | 1,030,022 | 133 | Like | Dislike | 5.6M | Oct 31, 2017

9 | 691,253 | 1,797 | 27K | 369 | 174K | Nov 1, 2017

10 | 583,208 | 36 | 965 | 154 | 423K | Oct 30, 2017

11 | 976,509 | 2,275 | 25K | 698 | 122K | Oct 31, 2017

12 | 592,863 | 2,220 | 11K | 320 | 1.3M | Nov 1, 2017

13 | 498,374 | 108 | 1K | 125 | 738K | Oct 29, 2017

14 | 437,608 | 1,018 | 3K | 244 | 1.6K | Oct 31, 2017

15 | 788,288 | 484 | 4K | 284 | 731K | Nov 4, 2017

16 | 751,043 | 44 | 1K | 375 |  | Nov 2, 2017

17 | 298,118 | 203 | 846 | 43 | 7M | Oct 30, 2017

18 | 342,563 | 419 | 11K | 134 | 174K | Nov 3, 2017

19 | 336,133 | 198 | 2K | 101 | 738K | Nov 2, 2017

20 | 438,782 | 180 | 2K | 93 | 738K | Nov 3, 2017

21 | 307,898 | 571 | 9K | 49 | 433K | Nov 1, 2017

22 | 539,937 | 667 | 4K | 314 | 1.4M | Nov 1, 2017

23 | 217,593 | 894 | 13K | 45 | 1.3M | Nov 1, 2017

24 | 612,708 | 30 | 560 | 285 | 67K | Oct 31, 2017

25 |  No comments available  |
26 |  No comments available  |
27 | 174,453 | 16 | 676 | 22 | 7M | Oct 30, 2017

28 | 204,446 | 46 | 657 | 30 | 7M | Nov 2, 2017

29 | 207,840 | 66 | 894 | 22 | 7M | Oct 31, 2017

30 | 190,761 | 21 | 649 | 60 | 7M | Oct 29, 2017

31 | 142,164 | 585 | 1K | 271 | 415K | Oct 31, 2017

32 |  No comments available  |
33 | 312,961 | 28 | 905 | 238 |  | Oct 28, 2017

34 | 165,255 | 60 | 710 | 29 | 7M | Nov 3, 2017

35 | 877,843 | 235 | 4K | 494 |  | Oct 31, 2017

36 | 304,727 | 2,771 | Try Today | 8K |  | Nov 3, 2017

37 | 153,880 | 113 | 884 | 38 | 179K | Nov 2, 2017

38 | 255,278 | 24 | 537 | 85 | 7M | Oct 29, 2017

39 | 197,393 | 388 | 8K | 50 | 1.1M | Nov 4, 2017

40 | 175,417 | 89 | 686 | 46 | 7M | Nov 3, 2017

41 | 105,257 | 133 | 661 | 10 |  | Oct 28, 2017

42 | 113,225 | 299 | 4K | 16 | 3.1M | Nov 3, 2017

43 | 105,693 | 189 | 2K | 26 | 4.7M | Oct 30, 2017

44 | 113,677 | 288 | 3K | 49 | 4.5M | Nov 3, 2017

45 | 90,055 | 334 | 2K | 247 | 3M | Nov 1, 2017

46 | 82,220 | 313 | 4K | 39 | 159K | Nov 3, 2017

47 | 80,454 | 211 | Donate Now | 2K |  | Oct 31, 2017

48 | 91,292 | 85 | 594 | 36 | 7M | Oct 28, 2017

49 | 104,548 | 21 | 1K | 15 | 37K | Oct 30, 2017

50 | 65,493 | 16 | 284 | 6 | 7M | Oct 31, 2017

51 | 62,929 | 42 | 145 | 11 | 29K | Oct 30, 2017

