ENTERTAINMENT TEST
2017-11-11 01:25:18
No |   Views   |  Comments  |  Likes  | Dislikes | Subscribers |  Post Date  
1 | 4,717,595 | 2,020 | 49K | 2K | 140K | Oct 29, 2017

2 | 1,837,792 | 3,997 | 6K | 848 | 818K | Oct 31, 2017

3 | 1,429,793 | 5,558 | 38K | 922 | 3.1M | Oct 29, 2017

4 | 897,353 | 578 | 5K | 486 | 735K | Oct 29, 2017

5 | 683,899 | 518 | 9K | 651 | 317K |  on Nov 3, 2017

6 | 739,074 | 114 | 3K | 127 | 6.9M | Oct 30, 2017

7 | 824,516 | 1,432 | 20K | 437 | 758K | Nov 1, 2017

8 | 940,813 | 131 | Like | Dislike | 5.5M | Oct 31, 2017

9 | 650,640 | 1,773 | 26K | 355 | 168K | Nov 1, 2017

10 | 554,001 | 34 | 931 | 145 | 421K | Oct 30, 2017

11 | 794,874 | 2,159 | 23K | 604 | 121K | Oct 31, 2017

12 | 544,743 | 2,176 | 10K | 315 | 1.3M | Nov 1, 2017

13 | 475,329 | 108 | 1K | 121 | 735K | Oct 29, 2017

14 | 424,557 | 994 | 3K | 240 | 1.6K | Oct 31, 2017

15 | 714,570 | 477 | 3K | 259 | 724K | Nov 4, 2017

16 | 683,208 | 43 | 1K | 347 |  | Nov 2, 2017

17 | 294,264 | 205 | 841 | 43 | 6.9M | Oct 30, 2017

18 | 325,272 | 417 | 11K | 132 | 168K | Nov 3, 2017

19 | 327,164 | 197 | 2K | 99 | 735K | Nov 2, 2017

20 | 422,464 | 179 | 2K | 90 | 735K | Nov 3, 2017

21 | 284,018 | 549 | 8K | 48 | 432K | Nov 1, 2017

22 | 501,132 | 645 | 4K | 299 | 1.4M | Nov 1, 2017

23 | 215,250 | 892 | 13K | 44 | 1.3M | Nov 1, 2017

24 | 531,432 | 27 | 489 | 241 | 65K | Oct 31, 2017

25 | 225,028 | 72 | 1K | 23 | 6.9M | Nov 3, 2017

26 | 265,289 | 192 | 6K | 90 | 168K | Nov 4, 2017

27 | 172,886 | 16 | 672 | 22 | 6.9M | Oct 30, 2017

28 | 202,436 | 45 | 655 | 30 | 6.9M | Nov 2, 2017

29 | 191,681 | 64 | 846 | 19 | 6.9M | Oct 31, 2017

30 | 184,803 | 21 | 634 | 59 | 6.9M | Oct 29, 2017

31 | 140,546 | 579 | 1K | 268 | 414K | Oct 31, 2017

32 | 127,321 | 105 | 780 | 246 | 144K | Oct 28, 2017

33 | 302,527 | 28 | 865 | 220 |  | Oct 28, 2017

34 | 159,083 | 60 | 692 | 29 | 6.9M | Nov 3, 2017

35 | 610,394 | 206 | 3K | 354 |  | Oct 31, 2017

36 | 247,111 | 2,617 | 8K | 448 | 23K | Nov 3, 2017

37 | 144,258 | 109 | 849 | 37 | 174K | Nov 2, 2017

38 |  No comments available  |
39 | 182,661 | 382 | 8K | 50 | 1.1M | Nov 4, 2017

40 | 169,411 | 89 | 681 | 44 | 6.9M | Nov 3, 2017

41 | 105,144 | 133 | 657 | 10 |  | Oct 28, 2017

42 | 106,638 | 297 | 4K | 16 | 3.1M | Nov 3, 2017

43 | 103,388 | 187 | 2K | 26 | 4.6M | Oct 30, 2017

44 | 109,142 | 285 | 3K | 49 | 4.5M | Nov 3, 2017

45 | 87,627 | 331 | 2K | 243 | 3M | Nov 1, 2017

46 | 81,879 | 313 | 4K | 39 | 158K | Nov 3, 2017

47 | 79,427 | 211 | 2K | 68 | 136K | Oct 31, 2017

48 | 87,185 | 84 | 572 | 36 | 6.9M | Oct 28, 2017

49 | 90,159 | 17 | 1K | 15 | 36K | Oct 30, 2017

50 | 65,165 | 18 | 282 | 6 | 6.9M | Oct 31, 2017

51 | 62,670 | 42 | 144 | 10 | 29K | Oct 30, 2017

