ENTERTAINMENT TEST
2017-11-12 13:49:13
No |   Views   |  Comments  |  Likes  | Dislikes | Subscribers |  Post Date  
1 | 5,281,753 | 2,139 | 51K | 2K | 141K | Oct 29, 2017

2 | 1,853,073 | 4,013 | 6K | 855 | 819K | Oct 31, 2017

3 | 1,605,446 | 5,767 | 40K | 982 | 3.1M | Oct 29, 2017

4 | 916,393 | 585 | 5K | 488 | 736K | Oct 29, 2017

5 | 688,001 | 520 | 9K | 653 | 317K |  on Nov 3, 2017

6 | 763,388 | 116 | 3K | 132 | 7M | Oct 30, 2017

7 | 976,671 | 1,583 | 22K | 513 | 763K | Nov 1, 2017

8 | 989,863 | 132 | Like | Dislike | 5.6M | Oct 31, 2017

9 |  No comments available  |
10 | 573,086 | 36 | 948 | 152 | 422K | Oct 30, 2017

11 | 898,696 | 2,242 | 24K | 672 | 121K | Oct 31, 2017

12 | 582,819 | 2,212 | 11K | 317 | 1.3M | Nov 1, 2017

13 | 485,373 | 108 | 1K | 121 | 736K | Oct 29, 2017

14 | 432,509 | 1,014 | 3K | 243 | 1.6K | Oct 31, 2017

15 | 759,915 | 482 | 3K | 275 | 728K | Nov 4, 2017

16 | 719,709 | 44 | 1K | 359 |  | Nov 2, 2017

17 | 296,152 | 204 | 844 | 43 | 7M | Oct 30, 2017

18 | 334,471 | 419 | 11K | 133 | 171K | Nov 3, 2017

19 | 331,703 | 197 | 2K | 101 | 736K | Nov 2, 2017

20 | 430,695 | 179 | 2K | 93 | 736K | Nov 3, 2017

21 | 292,997 | 561 | 8K | 48 | 433K | Nov 1, 2017

22 | 521,832 | 659 | 4K | 308 | 1.4M | Nov 1, 2017

23 | 216,429 | 894 | 13K | 45 | 1.3M | Nov 1, 2017

24 | 550,738 | 27 | 509 | 255 | 66K | Oct 31, 2017

25 | 229,157 | 73 | 1K | 23 | 7M | Nov 3, 2017

26 | 282,031 | 193 | 7K | 95 | 171K | Nov 4, 2017

27 | 173,677 | 16 | 673 | 22 | 7M | Oct 30, 2017

28 | 203,427 | 46 | 656 | 30 | 7M | Nov 2, 2017

29 | 201,145 | 66 | 876 | 19 | 7M | Oct 31, 2017

30 | 188,038 | 21 | 644 | 60 | 7M | Oct 29, 2017

31 | 141,463 | 583 | 1K | 270 | 415K | Oct 31, 2017

32 | 127,388 | 105 | 780 | 246 | 147K | Oct 28, 2017

33 | 305,902 | 28 | 876 | 223 |  | Oct 28, 2017

34 | 162,818 | 59 | 703 | 29 | 7M | Nov 3, 2017

35 | 764,523 | 225 | 4K | 443 |  | Oct 31, 2017

36 |  No comments available  |
37 | 149,831 | 113 | 876 | 38 | 177K | Nov 2, 2017

38 | 241,121 | 23 | 513 | 80 | 7M | Oct 29, 2017

39 | 192,833 | 384 | 8K | 50 | 1.1M | Nov 4, 2017

40 | 172,588 | 89 | 686 | 45 | 7M | Nov 3, 2017

41 |  No comments available  |
42 | 110,906 | 297 | 4K | 16 | 3.1M | Nov 3, 2017

43 | 104,653 | 189 | 2K | 26 | 4.7M | Oct 30, 2017

44 | 111,411 | 288 | 3K | 49 | 4.5M | Nov 3, 2017

45 | 88,784 | 333 | 2K | 244 | 3M | Nov 1, 2017

46 | 82,096 | 313 | 4K | 39 | 158K | Nov 3, 2017

47 | 80,170 | 211 | 2K | 68 | 137K | Oct 31, 2017

48 | 89,427 | 85 | 588 | 36 | 7M | Oct 28, 2017

49 | 97,800 | 20 | 1K | 15 | 37K | Oct 30, 2017

50 | 65,319 | 16 | 282 | 6 | 7M | Oct 31, 2017

51 | 62,801 | 42 | 144 | 10 | 29K | Oct 30, 2017

