ENTERTAINMENT TEST
2017-11-07 01:17:22
No |   Views   |  Comments  |  Likes  | Dislikes | Subscribers |  Post Date  
1 | 3,387,804 | 1,736 | 44K | 1K | 138K | Oct 29, 2017

2 | 1,763,480 | 3,896 | 6K | 800 | 813K | Oct 31, 2017

3 | 1,085,435 | 4,994 | 33K | 795 | 3.1M | Oct 29, 2017

4 | 808,141 | 558 | 4K | 457 | 730K | Oct 29, 2017

5 | 636,652 | 498 | Hide chat | 9K |  |  on Nov 3, 2017

6 | 661,530 | 113 | 3K | 114 | 6.9M | Oct 30, 2017

7 | 593,984 | 1,203 | 16K | 342 | 750K | Nov 1, 2017

8 | 696,109 | 115 | Try Today | Like |  | Oct 31, 2017

9 | 592,427 | 1,731 | 25K | 312 | 161K | Nov 1, 2017

10 |  No comments available  |
11 | 530,636 | 1,966 | 20K | 430 | 119K | Oct 31, 2017

12 | 438,026 | 2,101 | 10K | 308 | 1.3M | Nov 1, 2017

13 | 415,310 | 103 | 1K | 112 | 730K | Oct 29, 2017

14 | 398,582 | 966 | 3K | 238 | 1.5K | Oct 31, 2017

15 | 517,115 | 461 | It's free! | 3K |  | Nov 4, 2017

16 | 462,281 | 29 | 1K | 226 |  | Nov 2, 2017

17 | 287,944 | 203 | 831 | 42 | 6.9M | Oct 30, 2017

18 | 297,581 | 413 | 10K | 118 | 161K | Nov 3, 2017

19 | 293,464 | 193 | 2K | 91 | 730K | Nov 2, 2017

20 | 330,040 | 162 | 2K | 70 | 730K | Nov 3, 2017

21 | 259,341 | 511 | 8K | 47 | 432K | Nov 1, 2017

22 | 383,685 | 611 | 3K | 247 | 1.4M | Nov 1, 2017

23 | 210,640 | 893 | 13K | 44 | 1.3M | Nov 1, 2017

24 | 317,167 | 20 | 322 | 150 | 63K | Oct 31, 2017

25 |  No comments available  |
26 | 215,128 | 191 | 6K | 75 | 161K | Nov 4, 2017

27 | 170,386 | 16 | 669 | 21 | 6.9M | Oct 30, 2017

28 | 185,164 | 45 | 630 | 29 | 6.9M | Nov 2, 2017

29 | 164,512 |  No comments available  |747 | 16 | 6.9M | Oct 31, 2017

30 | 161,366 | 19 | 591 | 52 | 6.9M | Oct 29, 2017

31 | 137,119 | 577 | 1K | 259 | 412K | Oct 31, 2017

32 | 127,216 | 105 | 780 | 246 | 142K | Oct 28, 2017

33 | 237,945 | 21 | 656 | 170 |  | Oct 28, 2017

34 | 135,556 | 56 | 630 | 21 | 6.9M | Nov 3, 2017

35 | 296,858 | 158 | 2K | 202 |  | Oct 31, 2017

36 | 158,156 | 1,902 | Try Today | 6K |  | Nov 3, 2017

37 | 127,328 | 107 | 800 | 33 | 169K | Nov 2, 2017

38 | 128,658 | 12 | 271 | 42 | 6.9M | Oct 29, 2017

39 | 150,343 | 361 | 7K | 43 | 1.1M | Nov 4, 2017

40 | 126,516 | 85 | 581 | 31 | 6.9M | Nov 3, 2017

41 | 104,875 | 133 | 644 | 10 |  | Oct 28, 2017

42 | 99,839 | 294 | 4K | 16 | 3.1M | Nov 3, 2017

43 | 98,901 | 183 | 2K | 25 | 4.6M | Oct 30, 2017

44 | 96,354 | 277 | 3K | 45 | 4.5M | Nov 3, 2017

45 | 83,503 | 325 | 2K | 240 | 3M | Nov 1, 2017

46 | 80,889 | 313 | 4K | 38 | 157K | Nov 3, 2017

47 | 77,682 | 210 | 2K | 67 | 134K | Oct 31, 2017

48 | 78,148 | 83 | 533 | 33 | 6.9M | Oct 28, 2017

49 | 74,041 | 11 | 959 | 11 | 36K | Oct 30, 2017

50 | 64,038 | 18 | 281 | 6 | 6.9M | Oct 31, 2017

51 | 61,954 | 42 | 142 | 10 | 28K | Oct 30, 2017

