ENTERTAINMENT TEST
2017-11-08 11:33:19
No |   Views   |  Comments  |  Likes  | Dislikes | Subscribers |  Post Date  
1 | 3,705,388 | 1,812 | 47K | 1K | 138K | Oct 29, 2017

2 | 1,794,825 | 3,943 | 6K | 820 | 815K | Oct 31, 2017

3 | 1,214,632 | 5,217 | 35K | 852 | 3.1M | Oct 29, 2017

4 | 842,443 | 565 | 4K | 467 | 732K | Oct 29, 2017

5 | 647,585 | 501 | Hide chat | 9K |  |  on Nov 3, 2017

6 | 691,371 | 114 | 3K | 120 | 6.9M | Oct 30, 2017

7 | 609,485 | 1,229 | 17K | 352 | 752K | Nov 1, 2017

8 | 811,402 | 126 | Like | Dislike | 5.3M | Oct 31, 2017

9 | 618,045 | 1,753 | 25K | 338 | 164K | Nov 1, 2017

10 | 505,654 | 32 | 876 | 139 | 420K | Oct 30, 2017

11 |  No comments available  |
12 | 471,427 | 2,119 | 10K | 312 | 1.3M | Nov 1, 2017

13 | 432,546 | 105 | 1K | 116 | 732K | Oct 29, 2017

14 | 409,043 | 975 | 3K | 239 | 1.5K | Oct 31, 2017

15 | 616,344 | 471 | 3K | 236 | 721K | Nov 4, 2017

16 | 552,061 | 34 | Find Us! | 1K |  | Nov 2, 2017

17 | 290,959 | 205 | 834 | 43 | 6.9M | Oct 30, 2017

18 | 308,524 | 414 | 10K | 128 | 164K | Nov 3, 2017

19 | 306,323 | 196 | 2K | 91 | 732K | Nov 2, 2017

20 | 363,079 | 167 | 2K | 74 | 732K | Nov 3, 2017

21 | 272,685 | 528 | 8K | 48 | 432K | Nov 1, 2017

22 | 444,293 | 631 | 3K | 277 | 1.4M | Nov 1, 2017

23 | 213,648 | 892 | 13K | 44 | 1.3M | Nov 1, 2017

24 | 390,005 | 21 | 383 | 183 | 64K | Oct 31, 2017

25 | 213,978 | 72 | 1K | 23 | 6.9M | Nov 3, 2017

26 | 233,837 | 191 | 6K | 81 | 164K | Nov 4, 2017

27 | 171,571 | 16 | 671 | 21 | 6.9M | Oct 30, 2017

28 | 198,985 | 45 | 649 | 30 | 6.9M | Nov 2, 2017

29 | 176,023 | 61 | 792 | 18 | 6.9M | Oct 31, 2017

30 | 174,909 | 20 | 616 | 56 | 6.9M | Oct 29, 2017

31 | 138,636 | 578 | 1K | 263 | 413K | Oct 31, 2017

32 | 127,254 | 105 | 779 | 246 | 143K | Oct 28, 2017

33 | 268,009 | 23 | 739 | 184 |  | Oct 28, 2017

34 | 147,778 | 58 | 663 | 24 | 6.9M | Nov 3, 2017

35 | 376,808 | 170 | 2K | 252 |  | Oct 31, 2017

36 | 192,008 | 2,291 | Try Today | 7K |  | Nov 3, 2017

37 | 134,335 | 109 | 820 | 34 | 171K | Nov 2, 2017

38 | 164,367 | 20 | 352 | 51 | 6.9M | Oct 29, 2017

39 | 164,302 | 363 | 7K | 45 | 1.1M | Nov 4, 2017

40 | 145,021 | 87 | 641 | 35 | 6.9M | Nov 3, 2017

41 | 104,999 | 133 | 650 | 10 |  | Oct 28, 2017

42 | 102,879 | 295 | 4K | 16 | 3.1M | Nov 3, 2017

43 | 101,267 | 186 | 2K | 26 | 4.6M | Oct 30, 2017

44 | 101,759 | 280 | 3K | 46 | 4.5M | Nov 3, 2017

45 | 85,311 | 328 | 2K | 242 | 3M | Nov 1, 2017

46 | 81,441 | 313 | 4K | 39 | 158K | Nov 3, 2017

47 | 78,464 | 211 | 2K | 67 | 135K | Oct 31, 2017

48 | 82,014 | 84 | 552 | 34 | 6.9M | Oct 28, 2017

49 | 77,483 | 15 | 1K | 12 | 36K | Oct 30, 2017

50 | 64,623 | 18 | 282 | 6 | 6.9M | Oct 31, 2017

51 | 62,301 | 42 | 143 | 10 | 28K | Oct 30, 2017

