ENTERTAINMENT TEST
2017-11-09 02:42:36
No |   Views   |  Comments  |  Likes  | Dislikes | Subscribers |  Post Date  
1 | 3,958,847 | 1,875 | 47K | 1K | 139K | Oct 29, 2017

2 | 1,809,712 | 3,962 | 6K | 828 | 816K | Oct 31, 2017

3 | 1,270,022 | 5,285 | 36K | 861 | 3.1M | Oct 29, 2017

4 | 862,062 | 569 | 5K | 473 | 733K | Oct 29, 2017

5 | 651,830 | 503 | Hide chat | 9K |  |  on Nov 3, 2017

6 | 703,519 | 114 | 3K | 119 | 6.9M | Oct 30, 2017

7 | 639,769 | 1,255 | 17K | 364 | 753K | Nov 1, 2017

8 | 877,439 | 128 | Like | Dislike | 5.4M | Oct 31, 2017

9 |  No comments available  |
10 | 521,233 | 33 | 890 | 141 | 420K | Oct 30, 2017

11 | 666,235 | 2,089 | 21K | 534 | 120K | Oct 31, 2017

12 | 495,252 | 2,140 | 10K | 312 | 1.3M | Nov 1, 2017

13 | 449,441 | 105 | 1K | 118 | 733K | Oct 29, 2017

14 | 412,661 | 977 | 3K | 239 | 1.5K | Oct 31, 2017

15 | 647,399 | 468 | 3K | 247 | 721K | Nov 4, 2017

16 | 590,110 | 34 | 1K | 292 |  | Nov 2, 2017

17 | 291,723 | 205 | 838 | 43 | 6.9M | Oct 30, 2017

18 | 312,813 | 415 | 10K | 130 | 164K | Nov 3, 2017

19 | 315,658 | 195 | 2K | 93 | 733K | Nov 2, 2017

20 | 389,487 | 173 | 2K | 81 | 733K | Nov 3, 2017

21 | 275,590 | 532 | 8K | 48 | 432K | Nov 1, 2017

22 | 464,180 | 638 | 4K | 286 | 1.4M | Nov 1, 2017

23 | 214,174 | 891 | 13K | 44 | 1.3M | Nov 1, 2017

24 | 425,910 | 24 | 406 | 202 | 64K | Oct 31, 2017

25 | 219,327 | 72 | 1K | 23 | 6.9M | Nov 3, 2017

26 | 240,332 | 191 | 6K | 81 | 164K | Nov 4, 2017

27 | 171,913 | 16 | 671 | 21 | 6.9M | Oct 30, 2017

28 | 200,384 | 45 | 649 | 30 | 6.9M | Nov 2, 2017

29 | 179,956 | 63 | 797 | 18 | 6.9M | Oct 31, 2017

30 | 177,768 | 20 | 623 | 56 | 6.9M | Oct 29, 2017

31 | 139,233 | 578 | 1K | 264 | 413K | Oct 31, 2017

32 | 127,271 | 105 | 779 | 246 | 143K | Oct 28, 2017

33 | 278,778 | 25 | 767 | 194 |  | Oct 28, 2017

34 | 151,346 | 59 | 673 | 27 | 6.9M | Nov 3, 2017

35 | 429,927 | 180 | 2K | 272 |  | Oct 31, 2017

36 | 204,455 | 2,382 | 7K | 407 | 22K | Nov 3, 2017

37 | 137,349 | 109 | 828 | 36 | 171K | Nov 2, 2017

38 | 174,209 | 20 | 376 | 54 | 6.9M | Oct 29, 2017

39 | 168,522 | 366 | 7K | 46 | 1.1M | Nov 4, 2017

40 | 155,608 | 88 | 654 | 35 | 6.9M | Nov 3, 2017

41 | 105,033 | 133 | 651 | 10 |  | Oct 28, 2017

42 | 104,024 | 295 | 4K | 16 | 3.1M | Nov 3, 2017

43 | 102,060 | 187 | 2K | 26 | 4.6M | Oct 30, 2017

44 | 104,299 | 280 | 3K | 46 | 4.5M | Nov 3, 2017

45 | 85,975 | 329 | 2K | 242 | 3M | Nov 1, 2017

46 | 81,594 | 313 | 4K | 39 | 158K | Nov 3, 2017

47 | 78,656 | 211 | 2K | 67 | 135K | Oct 31, 2017

48 | 83,539 | 82 | 558 | 34 | 6.9M | Oct 28, 2017

49 | 80,874 | 16 | 1K | 13 | 36K | Oct 30, 2017

50 |  No comments available  |
51 | 62,418 | 42 | 143 | 10 | 28K | Oct 30, 2017

