ENTERTAINMENT TEST
2017-11-20 01:53:53
No |   Views   |  Comments  |  Likes  | Dislikes | Subscribers |  Post Date  
1 | 7,632,062 | 2,491 | 56K | 3K | 144K | Oct 29, 2017

2 | 1,918,673 | 4,134 | 6K | 909 | 850K | Oct 31, 2017

3 | 2,283,303 | 6,774 | 47K | 1K | 3.1M | Oct 29, 2017

4 | 1,003,485 | 599 | 5K | 519 | 743K | Oct 29, 2017

5 | 699,214 | 528 | 9K | 655 | 318K |  on Nov 3, 2017

6 | 819,858 | 118 | 3K | 137 | 7M | Oct 30, 2017

7 | 1,450,994 | 2,062 | 27K | 725 | 787K | Nov 1, 2017

8 | 1,100,308 | 139 | Like | Dislike | 5.8M | Oct 31, 2017

9 | 759,884 | 1,840 | 28K | 397 | 197K | Nov 1, 2017

10 | 633,905 | 39 | 1K | 167 | 426K | Oct 30, 2017

11 | 1,283,633 | 2,430 | 27K | 820 | 124K | Oct 31, 2017

12 | 610,308 | 2,270 | 11K | 324 | 1.3M | Nov 1, 2017

13 | 527,128 | 107 | 2K | 134 | 743K | Oct 29, 2017

14 | 445,330 | 1,022 | 3K | 245 | 1.6K | Oct 31, 2017

15 | 865,246 | 495 | 4K | 307 | 746K | Nov 4, 2017

16 | 937,491 | 56 | 1K | 467 |  | Nov 2, 2017

17 | 303,434 | 203 | 853 | 43 | 7M | Oct 30, 2017

18 | 375,686 | 424 | 11K | 140 | 197K | Nov 3, 2017

19 | 344,215 | 201 | 2K | 104 | 743K | Nov 2, 2017

20 | 451,580 | 185 | Try Today | 2K |  | Nov 3, 2017

21 | 343,323 | 605 | 10K | 52 | 434K | Nov 1, 2017

22 |  No comments available  |
23 | 221,885 | 894 | 13K | 45 | 1.3M | Nov 1, 2017

24 | 871,280 | 52 | 770 | 416 | 71K | Oct 31, 2017

25 | 242,016 | 74 | 1K | 23 | 7M | Nov 3, 2017

26 | 366,374 | 201 | 8K | 115 | 197K | Nov 4, 2017

27 | 176,150 | 16 | 678 | 22 | 7M | Oct 30, 2017

28 | 206,395 | 46 | 659 | 30 | 7M | Nov 2, 2017

29 | 265,831 | 74 | 1K | 26 | 7M | Oct 31, 2017

30 | 196,835 | 21 | 659 | 61 | 7M | Oct 29, 2017

31 | 146,695 | 591 | 1K | 274 | 422K | Oct 31, 2017

32 | 127,777 | 105 | 779 | 246 | 152K | Oct 28, 2017

33 | 391,299 | 33 | 1K | 332 |  | Oct 28, 2017

34 | 173,901 | 62 | 724 | 30 | 7M | Nov 3, 2017

35 | 1,162,109 | 272 | 5K | 665 |  | Oct 31, 2017

36 | 381,986 | 3,258 | Try Today | 9K |  | Nov 3, 2017

37 | 167,311 | 115 | 912 | 42 | 187K | Nov 2, 2017

38 | 280,515 | 24 | 576 | 94 | 7M | Oct 29, 2017

39 | 214,238 | 401 | It's free! | 9K |  | Nov 4, 2017

40 | 181,184 | 89 | 692 | 48 | 7M | Nov 3, 2017

41 | 105,556 | 135 | 686 | 10 |  | Oct 28, 2017

42 | 121,853 | 303 | 4K | 17 | 3.1M | Nov 3, 2017

43 | 109,130 | 191 | 2K | 26 | 4.7M | Oct 30, 2017

44 | 118,353 | 290 | 3K | 49 | 4.5M | Nov 3, 2017

45 | 92,490 | 338 | 2K | 249 | 3M | Nov 1, 2017

46 | 82,516 | 311 | 4K | 39 | 160K | Nov 3, 2017

47 | 84,962 | 213 | 2K | 71 | 142K | Oct 31, 2017

48 | 96,499 | 89 | 619 | 37 | 7M | Oct 28, 2017

49 | 119,338 | 21 | 1K | 17 | 37K | Oct 30, 2017

50 | 65,985 | 18 | 284 | 6 | 7M | Oct 31, 2017

51 | 63,284 | 42 | 149 | 11 | 31K | Oct 30, 2017

