ENTERTAINMENT TEST
2017-11-18 14:48:08
No |   Views   |  Comments  |  Likes  | Dislikes | Subscribers |  Post Date  
1 | 7,164,107 | 2,428 | Try Today | 55K |  | Oct 29, 2017

2 | 1,904,491 | 4,120 | 6K | 893 | 849K | Oct 31, 2017

3 | 2,126,799 | 6,522 | 45K | 1K | 3.1M | Oct 29, 2017

4 | 986,256 | 603 | 5K | 516 | 741K | Oct 29, 2017

5 | 697,577 | 527 | 9K | 655 | 318K |  on Nov 3, 2017

6 | 812,282 | 118 | 3K | 137 | 7M | Oct 30, 2017

7 | 1,360,632 | 2,009 | 26K | 702 | 779K | Nov 1, 2017

8 | 1,088,671 | 137 | Like | Dislike | 5.8M | Oct 31, 2017

9 | 747,778 | 1,835 | 28K | 394 | 194K | Nov 1, 2017

10 | 620,348 | 39 | 1K | 165 | 424K | Oct 30, 2017

11 | 1,210,120 | 2,406 | 27K | 801 | 124K | Oct 31, 2017

12 | 605,816 | 2,263 | 11K | 323 | 1.3M | Nov 1, 2017

13 | 520,360 | 106 | 2K | 132 | 741K | Oct 29, 2017

14 | 443,161 | 1,023 | 3K | 245 | 1.6K | Oct 31, 2017

15 | 851,591 | 493 | 4K | 305 | 742K | Nov 4, 2017

16 | 893,894 | 56 | 1K | 442 |  | Nov 2, 2017

17 | 302,447 | 203 | 852 | 43 | 7M | Oct 30, 2017

18 | 370,253 | 424 | 11K | 140 | 194K | Nov 3, 2017

19 | 342,243 | 196 | 2K | 103 | 741K | Nov 2, 2017

20 | 448,786 | 184 | 2K | 96 | 741K | Nov 3, 2017

21 | 335,817 | 598 | 9K | 51 | 434K | Nov 1, 2017

22 | 573,656 | 674 | 4K | 323 | 1.4M | Nov 1, 2017

23 | 220,744 | 894 | 13K | 45 | 1.3M | Nov 1, 2017

24 | 857,097 | 51 | 754 | 410 | 69K | Oct 31, 2017

25 | 238,520 | 74 | 1K | 23 | 7M | Nov 3, 2017

26 | 355,778 | 200 | 7K | 112 | 194K | Nov 4, 2017

27 | 175,785 | 16 | 677 | 22 | 7M | Oct 30, 2017

28 | 205,999 | 46 | 659 | 30 | 7M | Nov 2, 2017

29 |  No comments available  |
30 | 195,823 | 21 | 658 | 60 | 7M | Oct 29, 2017

31 | 145,535 | 591 | 1K | 274 | 420K | Oct 31, 2017

32 | 127,719 | 105 | 779 | 246 | 151K | Oct 28, 2017

33 |  No comments available  |
34 | 172,282 | 61 | 722 | 30 | 7M | Nov 3, 2017

35 | 1,091,891 | 269 | 5K | 618 |  | Oct 31, 2017

36 | 366,585 | 3,119 | 9K | 519 | 24K | Nov 3, 2017

37 | 164,595 | 115 | 906 | 41 | 185K | Nov 2, 2017

38 | 276,323 | 24 | 571 | 93 | 7M | Oct 29, 2017

39 | 210,053 | 398 | 8K | 52 | 1.1M | Nov 4, 2017

40 | 179,763 | 89 | 690 | 46 | 7M | Nov 3, 2017

41 | 105,460 | 134 | 679 | 10 |  | Oct 28, 2017

42 | 119,784 | 303 | 4K | 16 | 3.1M | Nov 3, 2017

43 | 107,819 | 191 | 2K | 26 | 4.7M | Oct 30, 2017

44 | 117,181 | 291 | 3K | 49 | 4.5M | Nov 3, 2017

45 | 91,896 | 338 | 2K | 249 | 3M | Nov 1, 2017

46 | 82,469 | 311 | 4K | 39 | 159K | Nov 3, 2017

47 | 84,360 | 213 | 2K | 71 | 141K | Oct 31, 2017

48 | 95,594 | 87 | 613 | 36 | 7M | Oct 28, 2017

49 | 114,959 | 21 | 1K | 16 | 37K | Oct 30, 2017

50 | 65,915 | 18 | 284 | 6 | 7M | Oct 31, 2017

51 | 63,206 | 42 | 148 | 11 | 31K | Oct 30, 2017

