ENTERTAINMENT TEST
2017-11-19 13:51:31
No |   Views   |  Comments  |  Likes  | Dislikes | Subscribers |  Post Date  
1 | 7,483,970 | 2,479 | 56K | 3K | 144K | Oct 29, 2017

2 | 1,914,529 | 4,129 | 6K | 905 | 850K | Oct 31, 2017

3 | 2,239,114 | 6,725 | 46K | 1K | 3.1M | Oct 29, 2017

4 |  No comments available  |
5 | 698,573 | 528 | 9K | 655 | 318K |  on Nov 3, 2017

6 | 817,522 | 118 | 3K | 137 | 7M | Oct 30, 2017

7 | 1,418,783 | 2,042 | 27K | 719 | 784K | Nov 1, 2017

8 | 1,096,857 | 139 | Like | Dislike | 5.8M | Oct 31, 2017

9 | 756,991 | 1,840 | 28K | 397 | 196K | Nov 1, 2017

10 | 631,333 | 39 | 1K | 165 | 426K | Oct 30, 2017

11 | 1,259,215 | 2,426 | 27K | 816 | 124K | Oct 31, 2017

12 | 608,702 | 2,266 | 11K | 324 | 1.3M | Nov 1, 2017

13 | 524,248 | 107 | 2K | 133 | 742K | Oct 29, 2017

14 | 444,421 | 1,022 | 3K | 245 | 1.6K | Oct 31, 2017

15 | 861,631 | 493 | 4K | 305 | 745K | Nov 4, 2017

16 |  No comments available  |
17 | 303,090 | 203 | 852 | 43 | 7M | Oct 30, 2017

18 | 374,561 | 424 | 11K | 140 | 196K | Nov 3, 2017

19 | 343,355 | 201 | 2K | 104 | 742K | Nov 2, 2017

20 | 450,510 | 184 | 2K | 96 | 742K | Nov 3, 2017

21 | 339,869 | 601 | 10K | 52 | 434K | Nov 1, 2017

22 | 577,617 | 674 | 4K | 327 | 1.4M | Nov 1, 2017

23 | 221,571 | 894 | 13K | 45 | 1.3M | Nov 1, 2017

24 | 865,428 | 52 | 762 | 415 | 70K | Oct 31, 2017

25 | 241,049 | 74 | 1K | 23 | 7M | Nov 3, 2017

26 | 364,223 | 201 | 8K | 114 | 196K | Nov 4, 2017

27 | 176,067 | 16 | 678 | 22 | 7M | Oct 30, 2017

28 | 206,299 | 46 | 659 | 30 | 7M | Nov 2, 2017

29 | 263,303 | 74 | 1K | 26 | 7M | Oct 31, 2017

30 | 196,613 |  No comments available  |658 | 60 | 7M | Oct 29, 2017

31 | 146,442 | 591 | 1K | 274 | 421K | Oct 31, 2017

32 | 127,762 | 105 | 779 | 246 | 152K | Oct 28, 2017

33 | 383,523 | 32 | 1K | 331 |  | Oct 28, 2017

34 | 173,487 | 62 | 724 | 30 | 7M | Nov 3, 2017

35 | 1,141,443 | 272 | 5K | 651 |  | Oct 31, 2017

36 | 376,962 | 3,213 | 9K | 524 | 24K | Nov 3, 2017

37 | 166,617 | 115 | 909 | 42 | 186K | Nov 2, 2017

38 | 279,790 | 24 | 575 | 94 | 7M | Oct 29, 2017

39 | 213,227 | 400 | 9K | 52 | 1.1M | Nov 4, 2017

40 | 180,618 | 89 | 691 | 47 | 7M | Nov 3, 2017

41 | 105,522 | 135 | 687 | 10 |  | Oct 28, 2017

42 | 121,322 | 303 | 4K | 17 | 3.1M | Nov 3, 2017

43 | 108,625 | 191 | 2K | 26 | 4.7M | Oct 30, 2017

44 | 117,889 | 290 | 3K | 49 | 4.5M | Nov 3, 2017

45 | 92,276 | 338 | 2K | 249 | 3M | Nov 1, 2017

46 |  No comments available  |
47 | 84,861 | 213 | 2K | 71 | 142K | Oct 31, 2017

48 | 96,231 | 89 | 616 | 37 | 7M | Oct 28, 2017

49 | 117,724 | 21 | 1K | 17 | 37K | Oct 30, 2017

50 | 65,965 | 18 | 284 | 6 | 7M | Oct 31, 2017

51 | 63,254 | 42 | 149 | 11 | 31K | Oct 30, 2017

