ENTERTAINMENT TEST
2017-11-18 01:13:31
No |   Views   |  Comments  |  Likes  | Dislikes | Subscribers |  Post Date  
1 | 6,966,075 | 2,377 | 55K | 2K | 143K | Oct 29, 2017

2 | 1,900,531 | 4,104 | 6K | 883 | 848K | Oct 31, 2017

3 | 2,062,162 | 6,411 | 44K | 1K | 3.1M | Oct 29, 2017

4 | 981,741 | 599 | 5K | 513 | 741K | Oct 29, 2017

5 | 697,007 | 526 | 9K | 655 | 318K |  on Nov 3, 2017

6 | 808,780 | 118 | 3K | 137 | 7M | Oct 30, 2017

7 | 1,332,615 | 1,970 | 26K | 693 | 777K | Nov 1, 2017

8 | 1,081,958 | 136 | Like | Dislike | 5.7M | Oct 31, 2017

9 | 741,079 | 1,832 | 28K | 392 | 190K | Nov 1, 2017

10 |  No comments available  |
11 | 1,176,771 | 2,379 | 26K | 784 | 123K | Oct 31, 2017

12 | 603,835 | 2,259 | 11K | 323 | 1.3M | Nov 1, 2017

13 | 518,692 | 106 | 2K | 131 | 741K | Oct 29, 2017

14 | 442,643 | 1,023 | 3K | 245 | 1.6K | Oct 31, 2017

15 | 844,862 | 493 | 4K | 305 | 740K | Nov 4, 2017

16 | 872,881 | 54 | 1K | 429 |  | Nov 2, 2017

17 | 301,986 | 203 | 852 | 43 | 7M | Oct 30, 2017

18 | 366,543 | 424 | 11K | 140 | 190K | Nov 3, 2017

19 | 341,862 | 196 | 2K | 103 | 741K | Nov 2, 2017

20 | 447,929 | 184 | 2K | 95 | 741K | Nov 3, 2017

21 | 333,701 | 596 | 9K | 51 | 434K | Nov 1, 2017

22 | 571,457 | 673 | Try Today | 4K |  | Nov 1, 2017

23 | 220,180 | 894 | 13K | 45 | 1.3M | Nov 1, 2017

24 | 835,966 | 47 | 742 | 404 | 69K | Oct 31, 2017

25 | 237,329 | 74 | 1K | 23 | 7M | Nov 3, 2017

26 | 347,899 | 199 | 7K | 110 | 190K | Nov 4, 2017

27 | 175,649 | 16 | 676 | 22 | 7M | Oct 30, 2017

28 | 205,785 | 46 | 659 | 30 | 7M | Nov 2, 2017

29 | 249,422 | 73 | 997 | 25 | 7M | Oct 31, 2017

30 | 195,190 | 21 | 656 | 60 | 7M | Oct 29, 2017

31 | 144,709 | 591 | 1K | 274 | 418K | Oct 31, 2017

32 |  No comments available  |
33 | 361,060 | 31 | 1K | 297 |  | Oct 28, 2017

34 | 171,144 | 61 | 720 | 30 | 7M | Nov 3, 2017

35 | 1,069,280 | 261 | Try Today | 5K |  | Oct 31, 2017

36 | 358,947 | 3,026 | 9K | 516 | 24K | Nov 3, 2017

37 | 163,083 | 114 | It's free! | 902 |  | Nov 2, 2017

38 | 273,609 | 24 | Try Today | 572 |  | Oct 29, 2017

39 | 207,832 | 397 | 8K | 52 | 1.1M | Nov 4, 2017

40 | 179,211 | 89 | 689 | 46 | 7M | Nov 3, 2017

41 | 105,391 | 134 | 675 | 10 |  | Oct 28, 2017

42 | 119,128 | 303 | 4K | 16 | 3.1M | Nov 3, 2017

43 | 107,525 | 191 | 2K | 26 | 4.7M | Oct 30, 2017

44 | 116,836 | 291 | 3K | 49 | 4.5M | Nov 3, 2017

45 | 91,752 | 335 | 2K | 249 | 3M | Nov 1, 2017

46 | 82,435 | 311 | 4K | 39 | 159K | Nov 3, 2017

47 | 83,728 | 212 | 2K | 71 | 141K | Oct 31, 2017

48 | 95,177 | 87 | 611 | 36 | 7M | Oct 28, 2017

49 | 113,615 | 21 | 1K | 16 | 37K | Oct 30, 2017

50 | 65,881 | 18 | 284 | 6 | 7M | Oct 31, 2017

51 | 63,171 | 42 | 148 | 11 | 31K | Oct 30, 2017

