ENTERTAINMENT TEST
2017-11-14 18:55:56
No |   Views   |  Comments  |  Likes  | Dislikes | Subscribers |  Post Date  
1 | 5,995,007 | 2,237 | Try Today | 53K |  | Oct 29, 2017

2 | 1,874,351 | 4,056 | 6K | 871 | 822K | Oct 31, 2017

3 | 1,808,545 | 6,017 | 41K | 1K | 3.1M | Oct 29, 2017

4 | 943,666 | 593 | 5K | 500 | 738K | Oct 29, 2017

5 | 691,980 | 523 | 9K | 654 | 318K |  on Nov 3, 2017

6 | 789,454 | 117 | 3K | 134 | 7M | Oct 30, 2017

7 | 1,121,572 | 1,721 | 23K | 602 | 769K | Nov 1, 2017

8 | 1,041,158 | 134 | Like | Dislike | 5.6M | Oct 31, 2017

9 |  No comments available  |
10 | 593,432 | 36 | 973 | 157 | 423K | Oct 30, 2017

11 | 1,017,336 | 2,300 | 25K | 718 | 122K | Oct 31, 2017

12 | 595,312 | 2,227 | 11K | 320 | 1.3M | Nov 1, 2017

13 | 502,710 | 106 | 1K | 128 | 738K | Oct 29, 2017

14 | 439,035 | 1,018 | 3K | 245 | 1.6K | Oct 31, 2017

15 | 802,898 | 486 | 4K | 286 | 733K | Nov 4, 2017

16 | 771,852 | 47 | 1K | 390 |  | Nov 2, 2017

17 | 299,174 |  No comments available  |849 | 43 | 7M | Oct 30, 2017

18 | 347,440 | 419 | 11K | 136 | 177K | Nov 3, 2017

19 | 337,309 | 196 | 2K | 101 | 738K | Nov 2, 2017

20 | 440,775 | 182 | 2K | 93 | 738K | Nov 3, 2017

21 | 313,518 | 575 | 9K | 49 | 433K | Nov 1, 2017

22 | 548,423 | 668 | 4K | 315 | 1.4M | Nov 1, 2017

23 |  No comments available  |
24 | 645,932 | 30 | 592 | 297 | 67K | Oct 31, 2017

25 | 232,134 | 73 | 1K | 23 | 7M | Nov 3, 2017

26 | 305,617 | 197 | 7K | 102 | 177K | Nov 4, 2017

27 | 174,838 | 16 | 677 | 22 | 7M | Oct 30, 2017

28 | 204,804 | 46 | 658 | 30 | 7M | Nov 2, 2017

29 | 216,872 | 68 | 917 | 22 | 7M | Oct 31, 2017

30 | 192,010 | 21 | 651 | 60 | 7M | Oct 29, 2017

31 | 142,576 | 586 | Adopt Now | 1K |  | Oct 31, 2017

32 | 127,491 | 105 | 780 | 246 | 148K | Oct 28, 2017

33 | 320,267 | 28 | 936 | 253 |  | Oct 28, 2017

34 | 166,510 | 60 | 715 | 29 | 7M | Nov 3, 2017

35 | 933,045 | 245 | Try Today | 4K |  | Oct 31, 2017

36 | 315,081 | 2,795 | 8K | 489 | 23K | Nov 3, 2017

37 | 155,848 | 113 | 887 | 38 | 180K | Nov 2, 2017

38 | 260,111 | 24 | Donate Now | 550 |  | Oct 29, 2017

39 | 199,530 | 390 | 8K | 50 | 1.1M | Nov 4, 2017

40 | 176,246 | 89 | 686 | 46 | 7M | Nov 3, 2017

41 | 105,265 | 133 | 664 | 10 |  | Oct 28, 2017

42 | 114,493 | 299 | 4K | 16 | 3.1M | Nov 3, 2017

43 | 106,041 | 189 | 2K | 26 | 4.7M | Oct 30, 2017

44 | 114,224 | 289 | 3K | 49 | 4.5M | Nov 3, 2017

45 | 90,366 | 335 | 2K | 248 | 3M | Nov 1, 2017

46 | 82,255 | 313 | 4K | 39 | 159K | Nov 3, 2017

47 | 80,651 | 211 | 2K | 68 | 138K | Oct 31, 2017

48 | 92,210 | 86 | 595 | 36 | 7M | Oct 28, 2017

49 | 106,330 | 21 | 1K | 15 | 37K | Oct 30, 2017

50 | 65,551 | 18 | 284 | 6 | 7M | Oct 31, 2017

51 | 62,998 | 42 | 145 | 11 | 30K | Oct 30, 2017

