POLITICS TEST
2017-11-16 15:48:59
No |   Views   |  Comments  |  Likes  | Dislikes | Subscribers |  Post Date  
1 | 486,244 | 69 | 1K | 348 | 109K | Nov 1, 2017

2 | 152,725 | 441 | 7K | 420 | 126K | Oct 31, 2017

3 | 133,145 | 2,128 | 4K | 115 | 90K | Oct 31, 2017

4 | 165,193 | 754 | 789 | 421 | 273K | Oct 30, 2017

5 | 97,055 | 45 | 490 | 162 | 150K | Nov 1, 2017

6 | 89,213 | 107 | 1K | 136 | 50K | Nov 2, 2017

7 | 173,904 | 76 | 1K | 197 | 109K | Nov 5, 2017

8 | 62,202 | 1,133 | 2K | 177 | 160K |  on Nov 2, 2017

9 | 62,508 | 163 | 676 | 187 | 12M | Oct 31, 2017

10 | 56,572 | 86 | 2K | 14 | 448K | Oct 30, 2017

11 |  No comments available  |
12 | 82,221 | 66 | 557 | 48 | 194K | Nov 3, 2017

13 | 55,859 | 2 | 361 | 49 | 729K | Oct 31, 2017

14 |  No comments available  |
15 | 50,805 | 575 | 2K | 73 | 160K |  on Nov 3, 2017

16 | 35,841 | 947 | 1K | 87 | 160K | Nov 2, 2017

17 | 71,312 | 24 | Sign up | 194 |  | Oct 28, 2017

18 | 35,770 | 41 | 74 | 8 | 12K | Nov 1, 2017

19 | 27,528 | 2 | 23 | 16 | 109K | Nov 1, 2017

20 |  No comments available  |
21 | 31,398 | 104 | 654 | 38 | 10K | Nov 1, 2017

22 | 22,184 | 415 | 1K | 10 | 506K | Oct 31, 2017

23 | 23,679 | 184 | 160 | 15 | 29K | Nov 1, 2017

24 |  No comments available  |
25 | 29,312 | 237 | 650 | 105 | 132K | Nov 1, 2017

26 | 20,465 | 22 | 124 | 22 | 50K | Oct 30, 2017

27 | 18,881 | 414 | 790 | 50 | 160K |  on Oct 30, 2017

28 | 19,949 | 25 | 101 | 49 | 109K | Nov 2, 2017

29 | 17,543 | 336 | 871 | 37 | 160K |  on Oct 30, 2017

30 | 20,388 | 289 | 1K | 19 | 160K | Nov 3, 2017

31 |  No comments available  |
32 | 20,094 | 243 | 407 | 120 | 132K | Oct 31, 2017

33 | 17,392 | 10 | 272 | 17 | 109K | Nov 3, 2017

34 | 24,426 | 77 | 1K | 99 | 318K | Nov 1, 2017

35 | 18,428 | 191 | 1K | 33 | 573K | Oct 31, 2017

36 | 18,117 | 191 | 814 | 61 | 3.4M | Nov 2, 2017

37 | 16,920 | 212 | 1K | 22 | 160K |  on Nov 2, 2017

38 | 17,852 | 227 | 585 | 71 | 160K | Nov 3, 2017

39 | 16,399 | 25 | 52 | 12 | 439K | Nov 1, 2017

40 |  No comments available  |
41 | 15,274 | 199 | 665 | 37 | 160K | Nov 2, 2017

42 | 15,174 | 45 | 137 | 20 | 20K | Oct 30, 2017

43 | 26,785 | 227 | 368 | 6 | 16K | Nov 2, 2017

44 | 16,006 | 60 | 72 | 16 | 174K | Nov 1, 2017

45 | 14,048 | 107 | 197 | 21 | 733K | Nov 2, 2017

46 | 23,842 | 48 | 403 | 6 | 25K | Nov 1, 2017

47 | 13,156 | 18 | 32 | 7 | 174K | Oct 31, 2017

48 | 19,986 | 303 | 745 | 21 | 152K | Nov 3, 2017

49 | 12,553 | 2 | 37 | 12 | 19K | Oct 29, 2017

50 | 13,198 | 9 | 57 | 8 | 19K | Oct 30, 2017

51 | 12,907 | 23 | 218 | 9 |  | Oct 29, 2017

