TECHNOLOGY TEST
2017-11-12 14:34:31
No |   Views   |  Comments  |  Likes  | Dislikes | Subscribers |  Post Date  
1 | 568,228 | 1,153 | 4K | 470 | 25K | Nov 2, 2017

2 | 377,069 | 1,116 | 5K | 1K | 48K | Nov 2, 2017

3 | 147,735 | 203 | 3K | 388 | 390K | Nov 1, 2017

4 | 159,438 | 362 | 7K | 116 | 2.8M | Nov 4, 2017

5 | 177,913 | 62 | 801 | 112 |  | Nov 1, 2017

6 | 78,924 | 357 | 6K | 27 | 2M | Nov 3, 2017

7 | 70,272 | 933 | Download | 1K |  | Nov 2, 2017

8 |  No comments available  |
9 | 83,529 | 71 | 832 | 51 | 41K | Oct 29, 2017

10 |  No comments available  |
11 | 41,530 | 1,091 | 1K | 112 | 59K | Oct 29, 2017

12 |  No comments available  |
13 | 38,537 | 166 | 1K | 39 | 688K |  on Oct 31, 2017

14 | 41,198 | 168 | 592 | 54 | 62K | Oct 29, 2017

15 | 39,465 | 58 | 674 | 34 | 359K | Oct 31, 2017

16 | 34,390 | 7 | 206 | 11 | 93K | Nov 1, 2017

17 | 49,014 | 119 | 674 | 96 | 80K | Nov 2, 2017

18 | 48,660 | 701 | 2K | 73 | 108K | Nov 1, 2017

19 |  No comments available  |
20 | 36,668 | 2 | 129 | 21 |  | Oct 30, 2017

21 | 38,940 |  No comments available  |997 | 69 | 354K | Nov 1, 2017

22 | 31,861 | 42 | 166 | 24 | 33K | Nov 2, 2017

23 | 41,767 | 53 | 1K | 20 | 354K | Oct 31, 2017

24 | 24,763 | 25 | 195 | 32 | 25K | Oct 29, 2017

25 | 22,967 | 32 | 477 | 20 |  | Oct 29, 2017

26 | 55,140 | 13 | 127 | 1 | 117K | Nov 1, 2017

27 | 21,322 | 135 | 1K | 38 | 149K | Nov 1, 2017

28 | 22,284 | 118 | 994 | 114 | 390K | Nov 4, 2017

29 | 33,855 | 4 | 80 | 48 |  | Oct 30, 2017

30 | 47,210 | 42 | 190 | 17 | 57K | Nov 3, 2017

31 | 19,249 | 6 | 68 | 20 | 229K | Nov 1, 2017

32 | 36,588 | 34 | 133 | 50 | 139K | Nov 4, 2017

33 | 17,756 | 32 | 362 | 29 | 80K | Oct 30, 2017

34 | 29,061 | 4 | 92 | 15 |  | Nov 4, 2017

35 | 16,152 | 70 | 172 | 27 | 542K | Oct 30, 2017

36 | 16,225 | 466 | 744 | 30 | 59K | Oct 31, 2017

37 |  No comments available  |
38 | 19 watchi |  No comments available  |Hide chat | 423 |  | ming on Nov 3, 2017

39 |  No comments available  |
40 | 14,325 | 52 | 280 | 4 | 14K |  on Nov 1, 2017

41 | 16,323 | 117 | 638 | 43 | 126K | Nov 3, 2017

42 | 19,348 | 2 | 85 | 29 |  | Nov 1, 2017

43 | 13,309 | 365 | Pre-order | 611 |  | Oct 31, 2017

44 | 29,961 |  No comments available  |5 | 8 | 19K | Oct 29, 2017

45 | 14,310 | 143 | 705 | 18 | 4.6M | Nov 1, 2017

46 | 11,561 | 78 | 256 | 11 | 51K | Oct 29, 2017

47 |  No comments available  |
48 | 11,200 | 210 | 557 | 17 | 59K | Oct 29, 2017

49 | 40,795 | 0 | 56 | 19 | 35K | Oct 29, 2017

50 | 12,846 | 21 | 117 | 5 | 44K | Nov 1, 2017

51 | 14,773 | 23 | 150 | 70 | 542K | Nov 3, 2017

