TECHNOLOGY TEST
2017-11-16 00:40:50
No |   Views   |  Comments  |  Likes  | Dislikes | Subscribers |  Post Date  
1 | 677,640 | 1,254 | 5K | 535 | 27K | Nov 2, 2017

2 | 415,300 | 1,186 | 5K | 1K | 51K | Nov 2, 2017

3 | 151,966 | 204 | 3K | 393 | 401K | Nov 1, 2017

4 | 161,744 | 362 | 7K | 116 | 2.8M | Nov 4, 2017

5 |  No comments available  |
6 | 80,533 | 358 | 6K | 27 | 2M | Nov 3, 2017

7 | 72,265 | 934 | Download | 1K |  | Nov 2, 2017

8 |  No comments available  |
9 | 105,201 | 73 | 912 | 59 | 42K | Oct 29, 2017

10 |  No comments available  |
11 | 41,803 | 1,091 | 1K | 113 | 60K | Oct 29, 2017

12 | 36,675 | 14 | 116 | 5 | 4 | Oct 31, 2017

13 |  No comments available  |
14 | 43,340 | 169 | 601 | 54 | 63K | Oct 29, 2017

15 | 40,642 | 59 | 696 | 34 | 364K | Oct 31, 2017

16 | 34,801 | 7 | 208 | 11 | 95K | Nov 1, 2017

17 | 57,443 | 119 | 709 | 107 | 80K | Nov 2, 2017

18 | 54,970 | 744 | 2K | 82 | 109K | Nov 1, 2017

19 | 32,298 | 0 | 351 | 28 | 25K | Oct 30, 2017

20 | 38,507 | 2 | 130 | 24 |  | Oct 30, 2017

21 | 42,159 | 123 | 1K | 71 | 359K | Nov 1, 2017

22 | 33,709 | 44 | 173 | 25 | 34K | Nov 2, 2017

23 | 46,651 | 58 | 1K | 23 | 359K | Oct 31, 2017

24 | 25,017 | 25 | 199 | 32 | 26K | Oct 29, 2017

25 | 23,561 | 32 | 483 | 20 |  | Oct 29, 2017

26 | 68,273 | 13 | 128 | 1 | 118K | Nov 1, 2017

27 | 21,615 | 136 | 1K | 38 | 154K | Nov 1, 2017

28 | 22,990 | 118 | 1K | 116 | 401K | Nov 4, 2017

29 |  No comments available  |
30 | 65,752 | 53 | 236 | 27 | 58K | Nov 3, 2017

31 | 19,495 | 6 | 68 | 21 | 233K | Nov 1, 2017

32 | 43,155 | 34 | 151 | 54 | 142K | Nov 4, 2017

33 | 18,262 | 32 | 365 | 29 | 80K | Oct 30, 2017

34 | 35,281 | 5 | 109 | 18 |  | Nov 4, 2017

35 | 16,269 | 70 | Donate Now | 172 |  | Oct 30, 2017

36 | 16,406 | 468 | 749 | 30 | 60K | Oct 31, 2017

37 | 21,286 |  No comments available  |1K | 37 | 8.8K | Oct 29, 2017

38 | 60,230 | 0 | 450 | 79 |  |  on Nov 3, 2017

39 | 16,944 | 0 | Donate Now | 472 |  | Oct 30, 2017

40 | 14,370 | 52 | 280 | 4 | 14K |  on Nov 1, 2017

41 | 16,721 | 118 | 645 | 43 | 127K | Nov 3, 2017

42 | 24,706 | 2 | 92 | 34 |  | Nov 1, 2017

43 |  No comments available  |
44 | 31,312 |  No comments available  |5 | 8 | 19K | Oct 29, 2017

45 | 14,751 | 143 | 717 | 19 | 4.6M | Nov 1, 2017

46 | 11,759 | 78 | 255 | 11 | 53K | Oct 29, 2017

47 | 11,520 | 31 | 49 | 18 | 36K | Oct 29, 2017

48 | 11,284 | 210 | 560 | 17 | 60K | Oct 29, 2017

49 | 46,396 | 0 | 58 | 21 | 35K | Oct 29, 2017

50 | 13,121 | 21 | 119 | 5 | 44K | Nov 1, 2017

51 |  No comments available  |
